/*--------------------------------*- C++ -*----------------------------------*\
| =========                 |                                                 |
| \\      /  F ield         | OpenFOAM: The Open Source CFD Toolbox           |
|  \\    /   O peration     | Version:  dev                                   |
|   \\  /    A nd           | Web:      www.OpenFOAM.org                      |
|    \\/     M anipulation  |                                                 |
\*---------------------------------------------------------------------------*/
FoamFile
{
    version     2.0;
    format      ascii;
    class       labelList;
    note        "nPoints: 5148 nCells: 3487 nFaces: 11970 nInternalFaces: 10098";
    location    "constant/polyMesh";
    object      neighbour;
}
// * * * * * * * * * * * * * * * * * * * * * * * * * * * * * * * * * * * * * //


10098
(
3
7
8
10
53
914
2
4
9
3
6
9
913
4
5
9
913
7
9
6
8
913
913
10
54
55
914
10
11
204
12
53
54
56
203
12
14
231
15
78
232
20
22
25
28
34
525
15
30
31
32
33
522
19
21
24
25
26
524
17
27
29
31
27
28
29
34
545
19
21
36
38
39
556
38
39
42
78
106
528
23
26
29
34
22
24
25
539
23
34
36
540
24
34
37
26
38
26
30
542
32
28
33
523
29
30
530
32
32
33
533
32
33
535
35
544
36
37
40
41
109
546
37
41
557
38
40
42
41
42
110
558
41
42
113
114
560
115
45
46
63
71
45
46
68
120
66
67
72
123
48
50
51
56
937
49
52
53
56
938
50
54
56
56
52
939
55
941
54
55
914
914
57
59
61
62
78
205
59
61
59
60
77
62
77
62
77
215
62
216
77
217
66
67
70
74
79
81
87
69
71
73
249
68
68
74
81
117
80
122
70
75
283
71
74
72
73
74
103
75
101
281
75
98
79
104
285
77
82
83
85
78
82
83
84
106
233
234
247
521
81
96
91
84
84
92
235
236
92
93
94
106
99
100
101
105
286
527
89
90
91
98
521
89
90
92
235
518
526
95
102
519
526
97
520
95
96
97
117
95
97
106
95
96
106
118
96
97
106
121
122
102
103
104
117
102
104
289
519
549
102
103
105
119
550
103
104
105
291
121
553
105
123
292
521
124
250
547
110
111
115
116
526
108
109
111
112
113
118
119
120
124
112
113
114
124
547
114
115
116
548
115
116
118
114
116
119
550
114
115
552
121
553
121
122
123
121
122
121
123
124
122
123
124
124
126
128
132
134
127
128
130
132
181
200
201
202
506
2043
2069
2072
2074
2139
139
157
159
161
163
508
2001
2044
129
130
163
187
131
158
190
131
132
159
179
162
180
182
184
188
510
187
188
506
136
166
182
183
185
186
210
509
879
885
887
908
143
144
157
158
163
165
176
177
178
187
189
190
191
508
138
139
149
152
155
511
2023
2027
2029
2031
2035
149
151
152
164
192
140
192
193
196
513
2000
2028
157
165
192
193
194
143
144
148
156
159
179
199
2044
157
158
160
194
173
176
177
146
150
168
147
151
169
148
172
195
173
194
150
155
164
151
153
164
154
164
195
154
155
196
2160
154
155
198
2161
158
176
161
163
162
163
161
162
163
161
162
197
193
199
165
167
168
169
170
171
511
166
172
173
174
175
192
194
195
513
167
206
514
890
208
512
891
169
170
171
172
171
891
903
175
891
902
173
175
174
175
177
890
905
890
904
178
178
885
907
887
906
180
2072
2074
200
202
504
2141
183
186
189
510
184
185
223
510
219
510
186
220
191
189
190
506
189
506
191
506
191
195
196
196
197
195
197
198
198
198
2044
201
2045
2155
202
2078
515
204
205
209
232
914
207
231
913
211
212
214
216
217
234
916
936
937
938
208
209
210
239
954
208
209
238
955
241
956
211
240
957
211
220
221
222
223
363
949
966
967
970
224
226
228
229
365
950
973
974
976
213
214
217
224
233
215
225
233
216
226
217
233
217
233
219
222
227
364
223
364
221
223
222
228
223
229
364
364
225
226
229
362
227
362
228
229
362
229
362
233
235
237
244
518
232
238
522
234
240
524
234
235
236
237
362
526
365
528
236
237
490
240
241
354
240
241
358
363
514
357
365
356
512
248
250
272
273
274
366
413
2917
2920
244
252
253
254
355
518
362
490
492
259
260
263
272
2917
2922
266
267
268
359
481
496
256
285
493
272
274
276
368
466
279
281
283
2916
286
287
291
293
294
2916
2921
255
256
257
265
290
493
255
257
266
355
492
256
257
289
355
519
255
256
520
269
292
521
271
288
355
259
260
264
279
2917
261
273
280
2917
262
2917
2931
263
264
275
282
495
263
264
2934
277
494
2936
284
269
270
271
275
495
269
271
359
499
269
270
485
270
271
276
359
483
277
487
494
278
359
273
277
377
274
275
293
278
287
298
277
278
290
277
278
344
381
382
288
342
280
284
2916
281
282
293
2916
285
291
2916
284
285
290
493
284
285
292
287
289
291
297
288
293
335
289
290
336
292
337
292
293
292
293
297
302
335
339
340
413
547
2412
300
310
311
312
531
299
301
323
324
325
537
335
337
339
527
335
342
346
413
466
302
348
349
350
529
301
311
312
313
411
545
2731
302
323
324
326
410
544
2724
348
350
352
412
546
2419
306
307
308
316
322
358
306
308
330
358
392
430
307
308
323
331
392
410
319
358
434
463
320
326
410
463
327
333
358
313
314
315
316
322
354
314
315
354
534
313
314
318
313
315
324
532
320
326
321
354
328
354
536
319
320
321
356
319
321
356
393
438
320
321
393
411
356
440
464
411
464
356
326
327
328
357
326
327
348
326
328
541
327
328
349
357
538
351
357
357
543
332
333
334
343
347
361
332
333
361
394
451
333
334
348
394
412
345
361
455
465
351
361
346
352
412
465
336
340
337
338
342
355
341
355
549
340
341
343
347
355
340
341
350
551
346
352
353
355
554
343
344
359
345
346
359
345
359
459
466
359
461
467
413
467
351
352
353
360
351
352
351
353
360
555
352
353
559
360
360
561
356
357
522
359
360
362
526
358
489
358
360
524
361
469
361
364
472
361
365
528
363
473
364
365
490
491
492
364
365
509
496
497
498
499
510
368
369
377
378
379
409
2924
2929
369
370
371
373
378
2923
377
379
381
391
370
371
372
407
2272
2925
2927
372
376
379
445
372
375
2255
2285
374
389
2252
375
376
380
478
2938
375
376
444
476
2245
480
2256
2287
383
448
477
378
382
2922
379
380
2930
383
457
382
383
484
2933
382
383
459
483
487
2936
462
482
386
400
401
402
406
1997
395
415
416
417
1998
396
422
423
424
1999
390
392
397
429
430
431
393
398
436
437
438
407
443
444
445
2143
394
408
450
451
452
409
457
458
459
466
394
410
463
411
464
412
465
396
398
416
417
419
2024
2619
397
406
422
424
426
2025
2720
398
408
410
429
431
432
2721
411
436
437
439
2635
403
404
405
442
449
470
403
404
423
470
2003
403
405
406
443
2004
404
405
406
424
450
446
470
2008
427
453
470
406
447
454
407
408
2026
2414
409
443
445
447
2158
2416
409
412
450
452
454
2415
413
457
458
460
2413
411
412
463
2719
464
2636
413
465
2418
466
467
2417
418
419
420
421
435
488
418
420
488
2010
418
419
422
2011
419
420
436
425
488
2014
426
439
441
488
425
426
427
428
468
425
426
2017
425
427
468
2018
426
427
429
468
2022
432
433
468
432
433
434
435
469
432
433
450
433
434
451
469
432
434
437
463
439
453
469
440
469
439
440
441
489
439
441
439
440
464
440
441
489
489
489
446
447
448
456
471
446
447
2146
446
448
471
2138
447
448
457
471
2148
460
462
471
453
454
455
456
473
453
454
453
455
473
454
455
458
465
473
460
461
473
460
461
462
472
460
462
460
461
467
461
462
472
472
472
464
467
467
469
470
488
513
2000
473
489
514
471
473
508
2001
472
475
476
477
505
506
2139
473
474
481
482
483
510
509
475
481
482
486
502
477
479
505
517
477
480
505
2156
478
482
479
480
484
2940
486
507
507
2250
2289
483
485
500
483
484
487
486
487
2942
486
487
2941
489
511
2023
512
491
492
498
499
495
495
2941
497
499
500
498
501
499
501
502
510
503
510
503
510
517
510
516
505
506
515
517
507
2141
508
510
515
516
517
2248
509
513
510
514
512
513
514
514
516
517
519
520
526
521
526
521
524
533
534
535
536
530
531
535
545
528
538
539
542
543
530
540
541
542
544
528
548
549
553
554
547
549
550
551
555
556
558
561
537
546
555
557
559
532
533
545
532
534
545
536
541
545
535
536
542
535
536
543
538
540
541
544
539
543
555
540
542
556
544
557
543
544
543
545
546
547
557
559
560
550
551
552
552
553
554
558
553
554
552
553
552
554
559
560
561
556
561
557
558
560
560
561
560
561
564
565
566
568
611
672
673
674
675
680
681
682
586
587
588
612
569
581
582
583
584
585
587
589
590
600
601
602
615
567
577
578
579
580
585
588
589
591
616
567
570
652
676
677
678
679
683
684
685
828
592
593
594
595
654
827
570
618
680
681
600
601
619
656
683
684
657
686
802
828
866
574
575
577
581
585
574
575
586
584
590
580
591
604
687
833
865
579
580
672
579
580
593
594
674
583
584
672
583
584
596
597
675
589
590
591
590
591
589
590
660
589
591
661
662
594
595
676
829
594
595
678
831
597
601
599
602
599
603
673
681
675
682
602
669
680
602
682
604
677
684
679
685
610
621
623
625
613
628
630
632
738
614
621
635
636
641
609
617
628
629
631
633
635
637
638
640
644
710
759
760
620
644
717
759
645
647
649
615
616
617
618
652
688
689
690
659
660
661
616
617
628
629
630
646
647
648
651
767
615
617
635
636
637
645
646
648
650
665
666
667
668
619
658
660
662
663
669
670
671
654
658
661
662
664
620
691
692
693
768
656
688
689
669
670
691
692
719
622
626
645
623
624
629
635
646
627
630
647
626
627
633
638
626
627
641
634
629
631
739
630
633
634
632
633
740
634
741
634
637
638
637
639
642
640
643
640
641
640
641
757
758
643
665
757
644
666
758
691
760
646
650
647
648
651
650
651
658
650
651
659
663
664
654
655
656
768
654
655
718
827
835
767
657
769
828
837
657
683
689
777
778
686
780
782
839
662
663
664
663
664
662
663
662
664
666
667
668
691
668
670
671
693
671
688
671
690
674
675
674
675
677
678
678
679
864
678
679
865
682
688
682
684
685
686
685
687
687
828
828
866
690
690
692
693
693
693
777
697
698
699
703
712
696
699
700
702
704
713
715
754
755
756
917
700
701
702
926
701
702
703
929
700
701
746
700
702
703
747
748
931
703
932
704
771
842
982
773
775
790
791
792
841
981
706
718
720
722
724
727
729
730
770
711
734
735
761
783
710
711
716
721
722
723
725
761
762
763
769
720
737
738
743
767
717
737
739
740
742
764
765
766
768
713
727
728
731
733
734
735
736
772
745
746
747
771
714
744
747
748
750
751
752
753
773
715
751
752
774
754
755
775
761
763
764
781
719
764
766
720
721
722
767
769
770
768
776
777
721
726
722
723
737
725
727
725
726
742
725
726
729
731
743
731
733
770
731
732
733
744
731
732
732
733
745
770
749
750
770
736
762
736
751
784
753
739
742
767
739
741
767
740
767
741
742
743
743
748
749
750
749
750
771
748
749
748
750
771
771
753
788
753
755
756
790
944
756
945
758
760
760
766
762
779
763
765
765
776
766
768
769
776
777
778
772
779
780
781
782
771
772
835
773
836
773
783
784
785
786
837
774
787
788
789
834
775
787
788
790
791
778
781
778
782
780
781
783
782
785
782
784
785
786
788
786
839
789
839
789
791
838
789
838
792
993
792
840
840
994
796
797
799
801
834
846
847
848
849
854
855
856
797
807
826
843
844
796
797
804
805
806
807
827
835
800
812
813
814
815
836
802
828
837
843
844
845
857
858
859
800
808
809
810
811
868
889
980
800
803
841
850
851
852
853
860
861
862
868
816
817
818
819
842
803
838
854
855
839
857
858
840
860
861
806
807
812
844
806
807
830
815
832
810
811
816
871
810
811
893
873
894
819
814
815
846
814
815
817
818
848
818
819
850
818
819
852
821
833
843
857
823
845
859
823
824
847
855
849
856
825
851
861
853
862
870
828
832
863
864
828
829
830
831
832
863
864
865
866
831
832
864
831
832
863
866
836
837
838
841
836
837
842
839
839
840
854
858
841
860
979
992
842
978
980
845
863
845
846
849
848
849
848
849
851
852
852
853
871
852
853
872
856
858
856
861
859
859
866
859
862
876
862
877
865
865
868
869
872
873
899
871
872
873
874
875
876
877
888
978
870
875
896
872
877
872
873
900
875
876
878
990
877
880
877
992
880
881
888
947
884
885
890
908
949
882
888
896
882
884
888
959
886
888
897
886
887
906
909
886
890
909
965
886
887
890
890
907
908
889
890
898
899
900
901
946
891
892
893
894
895
951
891
904
905
954
902
903
956
894
895
898
902
894
895
900
903
897
899
901
907
900
901
904
900
901
905
903
904
905
907
907
909
966
968
911
920
921
922
953
927
928
929
982
915
917
952
983
984
987
914
919
922
924
925
955
916
938
940
941
957
984
985
986
988
918
933
934
948
936
938
940
950
918
926
928
930
932
943
944
945
981
983
987
989
943
944
995
923
924
925
986
923
924
927
923
925
928
953
983
924
925
953
930
989
953
985
930
931
932
930
931
930
932
982
931
932
982
982
935
943
987
935
940
962
984
941
988
937
942
974
938
939
941
941
942
941
942
972
977
945
945
993
947
951
952
954
958
959
960
978
958
959
990
952
961
962
995
954
965
966
967
957
972
973
974
953
956
980
953
957
961
962
963
981
983
984
985
955
982
956
957
965
967
969
956
957
972
973
975
960
961
991
960
965
963
969
963
996
963
972
975
968
969
970
971
968
969
968
970
969
970
973
975
976
975
976
977
975
977
975
976
976
977
979
980
981
990
991
992
991
992
994
982
982
993
994
995
996
985
989
985
988
986
988
989
988
989
991
992
996
994
995
996
996
998
1003
1005
1015
1026
1188
1002
1009
1027
1029
1162
1000
1001
1004
1173
1180
1392
1003
1005
1007
1008
1396
1003
1171
1174
1188
1386
1003
1014
1030
1171
1388
1013
1389
1007
1020
1182
1183
1395
1006
1012
1032
1180
1007
1021
1182
1196
1314
1022
1195
1399
1012
1013
1017
1195
1690
1014
1015
1089
1102
1590
1011
1015
1016
1115
1590
1600
1019
1119
1599
1602
1603
1015
1016
1130
1196
1014
1015
1600
1689
1090
1400
1601
1123
1017
1019
1126
1203
1018
1258
1600
1663
1019
1241
1260
1603
1665
1128
1194
1259
1022
1190
1191
1377
1404
1022
1190
1289
1309
1310
1290
1308
1407
1024
1027
1029
1084
1086
1154
1028
1083
1087
1156
1026
1028
1031
1124
1185
1027
1032
1123
1186
1028
1102
1158
1122
1160
1030
1044
1089
1169
1090
1093
1164
1437
1032
1129
1177
1315
1130
1178
1314
1034
1040
1062
1063
1067
1068
1518
1048
1539
1044
1049
1051
1056
1092
1134
1037
1040
1058
1059
1060
1061
1131
1051
1052
1053
1054
1133
1439
1520
1041
1043
1055
1057
1059
1048
1063
1064
1065
1098
1070
1072
1073
1075
1520
1042
1069
1071
1072
1043
1076
1078
1080
1083
1085
1087
1084
1088
1093
1136
1047
1064
1098
1101
1105
1554
1047
1065
1080
1098
1106
1066
1081
1103
1556
1063
1064
1067
1101
1538
1050
1053
1057
1088
1519
1052
1091
1092
1441
1547
1053
1054
1058
1147
1053
1054
1443
1550
1060
1551
1092
1149
1445
1056
1061
1083
1132
1057
1058
1084
1137
1060
1069
1085
1060
1061
1140
1060
1061
1072
1073
1142
1066
1067
1068
1070
1540
1067
1068
1066
1067
1541
1066
1068
1071
1074
1544
1546
1075
1073
1074
1076
1519
1073
1074
1075
1548
1074
1075
1080
1073
1075
1551
1081
1552
1077
1081
1085
1522
1078
1079
1086
1100
1557
1082
1087
1114
1081
1082
1103
1117
1560
1081
1082
1562
1106
1120
1084
1135
1085
1151
1086
1088
1087
1089
1102
1122
1089
1091
1522
1090
1557
1091
1440
1558
1093
1447
1559
1093
1146
1449
1167
1451
1095
1096
1316
1719
1097
1177
1317
1717
1097
1713
1720
1185
1715
1718
1101
1104
1108
1109
1110
1121
1318
1102
1114
1115
1117
1590
1104
1105
1121
1587
1122
1123
1105
1106
1107
1583
1105
1106
1108
1111
1586
1113
1111
1112
1113
1117
1593
1111
1113
1121
1111
1112
1121
1321
1595
1112
1113
1118
1322
1121
1598
1119
1324
1599
1120
1116
1120
1122
1116
1119
1123
1126
1118
1124
1125
1119
1120
1602
1119
1120
1127
1128
1319
1619
1124
1124
1130
1129
1126
1127
1129
1329
1128
1130
1325
1128
1322
1331
1324
1330
1130
1332
1326
1133
1140
1141
1142
1143
1696
2420
1135
1137
1138
1142
1709
1147
1148
1149
1150
1454
2426
1136
1137
1144
1146
1147
1151
1152
1156
1702
1151
1165
1167
1169
1139
1140
1151
1139
1141
1152
1698
2422
1143
1144
1153
2451
1142
1143
1147
1142
1143
1707
2449
1712
1150
2454
1145
1150
1165
2470
1146
1148
1166
1455
2427
1149
1167
1456
1149
1150
1149
1150
1458
2472
1460
2475
1153
1154
1153
1155
1697
2421
1157
1165
2444
1156
1157
1158
1169
1156
1157
1159
1701
2442
1160
1704
1161
1170
2446
1160
1161
1162
1186
1160
1161
1176
1714
2552
1185
1715
1163
1187
2553
1163
1169
1171
1188
1170
1172
1189
2554
1167
1168
1169
1171
1463
1166
1170
2491
1167
1168
1464
2431
1465
1170
1172
1466
2493
1170
2496
1172
1471
1174
1472
2567
1174
1181
1183
1499
2780
1189
1498
2781
1176
1177
1179
1334
1717
2816
1185
1187
1718
2817
1178
1185
1335
1179
1180
1186
1333
1181
1187
1336
2818
1181
1182
1188
1184
1189
2821
1184
1190
1333
1184
1191
1500
3073
1192
1336
3074
1186
1187
1188
1189
2823
1189
2826
1192
1369
1378
1192
1358
1505
3081
1375
1376
3082
1194
1200
1243
1284
1321
1595
1239
1241
1324
1599
1196
1258
1290
1622
1203
1289
1326
1198
1211
1219
1220
1221
1226
1227
1228
1282
1204
1233
1234
1235
1283
1623
1240
1241
1284
1589
1625
1212
1244
1246
1248
1269
1655
1213
1244
1251
1252
1256
1275
1245
1258
1259
1325
1262
1263
1264
1285
1624
1206
1208
1218
1220
1223
1224
1286
1210
1261
1263
1266
1267
1287
1628
1209
1210
1214
1268
1270
1271
1209
1210
1215
1277
1278
1281
1216
1275
1277
1278
1217
1268
1271
1274
1630
1219
1220
1223
1282
1285
1286
1288
1290
1295
1308
1680
1288
1291
1292
1301
1313
1216
1217
1294
1296
1297
1216
1217
1303
1304
1307
1359
1301
1303
1304
1294
1297
1300
1361
1633
1222
1223
1224
1261
1278
1222
1223
1227
1262
1223
1224
1222
1224
1228
1279
1229
1265
1280
1267
1281
1229
1230
1231
1232
1254
1327
1230
1231
1282
1320
1229
1230
1233
1282
1229
1231
1255
1236
1256
1238
1282
1323
1257
1328
1236
1237
1238
1239
1247
1236
1238
1262
1283
1237
1238
1240
1283
1635
1236
1237
1248
1264
1637
1249
1265
1242
1250
1638
1243
1283
1242
1243
1259
1327
1242
1243
1284
1649
1242
1596
1651
1260
1652
1284
1323
1245
1249
1270
1288
1246
1247
1251
1289
1250
1258
1290
1656
1249
1250
1254
1259
1249
1250
1272
1659
1256
1273
1260
1660
1253
1254
1291
1325
1253
1255
1276
1292
1257
1293
1329
1256
1257
1330
1256
1257
1279
1280
1331
1260
1627
1260
1330
1667
1265
1266
1267
1271
1265
1267
1285
1266
1267
1285
1642
1265
1266
1272
1644
1273
1274
1645
1285
1269
1274
1294
1629
1270
1272
1295
1671
1273
1275
1296
1273
1274
1278
1273
1274
1673
1280
1674
1276
1280
1301
1277
1279
1302
1281
1303
1280
1281
1280
1281
1283
1319
1284
1285
1678
1319
1619
1679
1287
1676
1287
1677
1289
1296
1309
1290
1291
1681
1293
1310
1326
1293
1302
1311
1312
1332
1295
1300
1632
1296
1298
1685
1299
1301
1299
1300
1304
1379
1299
1300
1308
1382
1687
1306
1309
1383
1384
1688
1302
1306
1303
1305
1307
1306
1307
1362
1306
1307
1311
1365
1313
1366
1367
1309
1377
1693
1313
1378
1312
1313
1314
1369
1312
1313
1372
1315
1373
1374
1315
1326
1333
1332
1335
1317
1338
1346
1335
1342
1345
1319
1320
1321
1322
1320
1321
1323
1323
1328
1323
1324
1324
1328
1327
1327
1326
1329
1330
1332
1328
1330
1331
1331
1332
1331
1335
1336
1369
1335
1336
1345
1370
3069
1373
1375
3070
1339
1340
1341
1347
1357
3087
1342
1343
1344
1343
1344
1350
3093
1342
1344
1345
1370
3094
1342
1343
1352
1372
1373
1353
1346
3096
1346
1717
3089
1719
3090
1350
1351
1352
1356
3099
1349
1351
1354
1355
1359
3100
1353
1354
1355
1353
1355
3102
1354
1355
1363
3103
1353
1354
1365
1367
3105
1357
1363
1364
1365
3134
1370
1371
1372
3136
1360
1376
1377
1502
3137
1361
1362
1363
1367
1368
3138
1380
1381
1382
1508
3139
1379
1381
1384
1385
1509
3140
1366
1367
1368
1379
1367
1368
3143
1366
1368
1371
1380
3145
1366
1367
1372
1374
1383
1385
3146
1373
1374
1375
1373
1375
3077
1374
1375
1376
3155
1373
1374
1378
3078
1378
1380
3157
1378
1382
1403
1383
1383
1384
1385
1383
1385
3161
1384
1385
1511
3162
1383
1384
1512
1513
3164
1387
1389
1392
1471
1498
1390
1393
1473
1496
1389
1391
1400
1437
1471
1390
1396
1689
1391
1397
1691
1401
1438
1473
1393
1395
1396
1499
1394
1397
1497
1395
1398
1402
1501
1399
1404
1500
1397
1399
1690
1398
1692
1399
1406
1621
1407
1622
1401
1440
1612
1689
1453
1618
1691
1404
1405
1406
1507
1404
1405
1502
1512
1693
1407
1505
1504
1506
1694
1407
1682
1694
1681
1693
1411
1413
1414
1418
2870
1410
1420
1421
1423
2846
2968
1418
1420
1421
2855
1412
1416
1419
2872
2977
1413
1415
1428
2873
2978
1417
1427
2874
1416
1417
1422
1416
1417
1433
2980
1424
2983
1432
1419
1422
2866
1420
1424
2868
2966
1423
2856
2969
1422
1423
1424
1424
2972
2967
1426
1427
1429
1430
2881
1434
1435
1491
2409
1428
1432
2882
1429
1433
2883
2985
1431
1434
2767
2884
1431
1432
1435
1433
1436
2769
1433
2986
1436
1492
2410
2770
1436
1493
1494
2774
1438
1440
1451
1463
1452
1453
1474
1442
1443
1445
1446
1454
1525
1447
1453
1526
1443
1444
1447
1449
1524
1445
1446
1450
1457
1445
1446
1566
1446
1448
1450
1567
1449
1460
1569
1448
1451
1571
1452
1453
1574
1450
1451
1456
1452
1461
1452
1465
1468
1577
1457
1458
1460
1462
2433
1456
1458
1459
1464
2434
1460
1461
1465
1460
1461
1462
1460
1462
2506
1461
1462
1467
2507
1468
2510
1465
1466
1471
1474
1465
1466
1467
2437
1468
1469
1472
2519
1468
1469
2520
1474
1470
1474
2558
1472
1473
1496
2569
1472
1473
1498
2570
1474
1478
1479
1480
1483
2435
2727
1477
1479
1481
1484
2728
1478
1482
1485
2497
2739
1479
1480
2498
2740
1483
2741
1482
1483
2500
1482
1483
1488
1489
2503
1485
1488
1490
2746
1486
1489
2436
2747
1487
1490
1492
2511
2748
1489
1494
1495
2514
1489
1495
2517
1491
1495
2764
1492
1493
2761
1494
2559
2762
1494
1495
2561
1497
1498
2782
1499
1501
2779
1499
2788
1500
2783
1501
1505
3004
1507
3005
1505
1506
1508
3108
1504
1506
1508
1514
3109
1510
1512
1695
1507
3008
1507
3111
3009
1511
1512
3135
1510
1511
1513
1514
1633
3141
1513
1514
1686
1513
1514
3150
1513
1687
1688
3152
1516
1517
1527
1529
1530
1531
1521
1535
1536
1580
1588
1521
1538
1541
1542
1543
1520
1523
1539
1540
1542
1545
1546
1522
1547
1551
1552
1525
1548
1550
1551
1553
1554
1555
1584
1587
1557
1559
1562
1525
1528
1529
1532
1534
1578
1547
1565
1566
1567
1571
1564
1566
1568
1569
1558
1571
1575
1577
1612
1529
1530
1534
1538
1578
1588
1532
1533
1534
1564
1532
1534
1542
1533
1534
1535
1532
1533
1536
1543
1565
1545
1568
1537
1570
1537
1582
1588
1537
1555
1573
1581
1576
1579
1539
1541
1542
1546
1587
1578
1544
1545
1546
1548
1544
1546
1554
1545
1546
1544
1545
1549
1555
1552
1556
1553
1549
1550
1559
1551
1552
1553
1552
1553
1561
1565
1551
1553
1566
1562
1568
1556
1586
1587
1556
1561
1585
1562
1583
1558
1560
1590
1559
1563
1601
1561
1571
1562
1563
1583
1602
1562
1563
1573
1575
1585
1604
1568
1569
1570
1568
1570
1573
1568
1569
1569
1570
1574
1576
1573
1574
1575
1576
1577
1579
1615
1575
1576
1576
1577
1581
1617
1618
1581
1582
1606
1581
1582
1584
1588
1607
1585
1610
1588
1611
1585
1586
1593
1585
1586
1587
1594
1597
1587
1598
1588
1619
1620
1594
1595
1596
1605
1619
1601
1602
1606
1608
1609
1614
1654
1600
1612
1613
1616
1663
1689
1597
1598
1599
1602
1597
1598
1607
1619
1598
1599
1619
1597
1599
1603
1609
1604
1610
1619
1601
1603
1604
1612
1604
1604
1616
1617
1607
1608
1609
1620
1625
1610
1611
1615
1610
1611
1620
1611
1620
1650
1610
1616
1651
1617
1620
1617
1618
1614
1618
1666
1691
1615
1616
1668
1617
1618
1617
1665
1620
1679
1622
1662
1682
1692
1627
1681
1690
1624
1635
1636
1637
1678
1642
1643
1644
1676
1649
1650
1651
1679
1631
1655
1657
1661
1670
1656
1662
1663
1667
1630
1641
1642
1645
1647
1677
1630
1632
1669
1671
1674
1633
1669
1672
1674
1680
1682
1684
1694
1633
1683
1685
1688
1683
1686
1688
1638
1639
1640
1648
1658
1638
1640
1649
1678
1639
1640
1643
1678
1638
1639
1644
1659
1652
1660
1646
1661
1653
1678
1645
1646
1647
1672
1645
1647
1676
1646
1647
1676
1645
1646
1673
1674
1675
1676
1652
1653
1654
1664
1652
1653
1679
1653
1654
1679
1652
1654
1665
1667
1679
1668
1656
1659
1671
1680
1657
1660
1681
1658
1662
1682
1660
1661
1664
1660
1661
1673
1667
1675
1664
1666
1665
1666
1690
1667
1668
1667
1668
1668
1692
1670
1672
1683
1671
1675
1684
1673
1685
1674
1675
1674
1675
1677
1678
1679
1681
1685
1693
1682
1684
1686
1685
1695
1687
1688
1695
1688
1693
1695
1690
1691
1692
1692
1694
1695
1706
1707
1711
1712
1946
1698
1700
1701
1702
1947
1707
1708
1709
1948
1703
1704
1705
1713
1703
1705
1708
1950
1704
1705
1714
1951
1703
1704
1709
1710
1715
1716
1953
1710
1711
1712
1711
1712
1957
1710
1711
1958
1710
1712
1960
1715
1716
1715
1716
1718
1963
1720
1964
1718
1719
1967
1720
1968
1720
1969
1971
1722
1723
1724
1729
1726
1732
1784
1725
1727
1730
1725
1726
1731
1750
1727
1728
1735
1733
1748
1785
1728
1730
1741
3100
1730
1731
1744
3101
1730
1731
1732
3102
3105
1733
1761
3107
1733
1799
3093
1760
1798
3098
1735
1740
1741
1743
1749
1741
1744
1750
1738
1746
2290
2291
1738
1739
1746
1752
2292
1740
2290
2294
1740
1742
1749
1755
2295
1745
2296
2311
1743
1744
2311
3194
1745
1758
1762
2298
3201
1744
1745
1758
3198
1761
3199
2297
2311
3203
1751
2293
1748
1749
1755
1759
1878
1750
1760
1886
1750
1758
1761
1752
1754
1894
1753
1755
1881
1754
1756
1896
2292
2392
1895
2293
2392
1756
1762
1884
1757
1905
2295
2391
1762
1904
2298
2391
3278
1759
1761
3271
1760
1762
1913
3262
1761
1914
3267
3086
1915
3272
1765
1766
1767
1770
1767
1768
1769
1771
1801
1946
1773
1775
1777
1768
1772
1773
1809
1768
1771
1769
1808
1771
1772
1810
1956
1771
1772
1777
1958
1960
1779
1811
1962
1774
1779
1839
1775
1776
1780
1840
1778
1781
1778
1779
1782
1841
1949
1778
1779
1950
1783
1953
1842
1955
1781
1782
1795
1846
1783
1787
1783
1797
1848
1965
1796
1964
1785
1792
1799
1794
1798
1886
1787
1788
1789
1792
1795
1796
1790
1794
1795
1891
1790
1793
1796
1969
1791
1797
1893
1970
1793
1794
1798
1890
3088
1793
1794
1799
3090
1892
1797
1847
1797
1971
1849
1972
1799
1914
3092
3096
1803
1805
1806
1811
1836
2599
1804
1806
1807
1808
1810
2598
1819
1820
1822
1835
1916
1940
1812
1814
1815
1864
2684
1815
1816
1817
1818
1921
1922
2680
1807
1809
1812
1838
1807
1810
1815
2600
1808
1816
1809
1810
1811
1839
1811
2602
1842
2605
1813
1816
1866
1920
1814
1817
1819
1867
1930
1818
1821
1869
2685
1816
1818
2687
1817
1931
1818
1823
1932
1824
2689
1821
1823
1835
1942
1821
1825
1835
1916
2715
1824
1835
2716
1823
1825
1916
1922
1941
1824
1922
1943
1825
1922
2717
1916
1922
2718
1827
1833
1836
1837
1841
2606
1834
1843
1845
1848
2615
1829
1835
1851
1852
1853
1855
1939
1940
1942
1945
2406
3407
1832
1858
1859
1860
1863
1880
2402
1850
1852
1856
1857
1865
1857
1859
1861
1872
1882
1835
1874
1875
1876
1877
1883
2405
2614
1834
1864
1865
1870
2610
1871
1873
1876
2617
1867
1868
1869
1870
2404
2683
1838
1842
1864
2607
1838
1840
1845
1865
1839
1866
1840
1842
1841
1846
1842
1848
2608
2609
1844
1849
1871
1889
2831
1845
1847
1872
1879
1846
1873
1847
1848
1849
1891
1849
2616
1893
2833
1851
1854
1866
1920
1852
1855
1867
1930
1853
1858
1868
1855
1856
1860
1855
1856
1934
1936
1862
1858
1862
1873
1859
1860
1874
1863
1875
1901
1862
1863
1862
1863
1899
1903
1866
1869
2611
1866
1868
1873
1867
1868
1869
1870
1874
1870
2612
1876
2613
1872
1877
1908
2835
1873
1875
1885
1874
1875
1876
1877
1910
1877
2618
1912
2837
1884
1886
1887
1913
1885
1887
1889
1891
1883
1900
1901
1902
1903
2392
2403
1884
1894
1896
1897
1885
1897
1899
1901
1909
1910
1911
1912
2391
2407
3259
1905
1906
1915
1906
1908
1910
1892
1914
1888
1892
1906
1889
1890
1907
1913
3257
1893
1908
2838
1892
1893
1914
3269
1892
1893
2841
1895
1898
1896
1900
2392
1902
1905
2392
1898
1902
1906
1899
1900
1903
1902
1903
1902
1903
1910
1911
1905
1909
1915
2391
3275
1911
2391
1907
1911
1908
1909
1915
3261
1912
2842
1911
1912
3280
1911
1912
3283
1914
1915
3263
3265
3273
1917
1937
2082
2404
2722
1922
1938
2083
2723
1928
1937
1939
1941
1944
3422
1922
1923
1924
1928
1938
1941
1930
1931
1934
1923
1925
1926
1929
1931
1932
1933
1935
1923
1924
1925
2679
1925
1926
1943
1925
1927
1938
1929
1928
1929
1944
3411
1928
1929
1938
3413
1938
3415
3417
1932
1936
1942
1932
1935
1933
1943
1935
1936
1944
1935
1936
1945
1938
1939
1940
1941
2095
2406
3418
2096
3419
1940
1945
3423
1941
1942
1943
1943
1945
1944
1945
3424
3427
1956
1957
1960
1961
2420
2598
1948
1950
1951
1952
2421
1957
1958
1959
2422
1953
1954
1955
1965
2608
1953
1955
1958
1953
1954
1963
2442
1954
1955
1959
2443
2547
1964
1966
2447
2548
1962
2609
1960
1961
1962
2602
1960
1961
2449
1960
1962
1961
1962
2450
2603
2453
2604
2605
1964
1966
1968
2552
1965
1971
1966
1972
2616
2592
2595
2829
1968
1969
2816
2828
3089
1971
2817
2829
1970
1971
3090
1972
2828
2841
3088
1972
2829
2833
1975
1981
1983
2128
2150
2217
1987
1990
1994
2085
2133
3369
1976
1981
1982
1983
2159
2182
2208
2402
1990
1991
1992
1993
2084
2095
2406
3286
1979
1980
1984
1988
2127
2186
1979
1980
1995
2090
2172
2187
1989
2126
2174
2190
1985
1996
2125
2191
1982
1985
2193
2219
1983
1984
1991
2194
1992
2129
2153
1985
1994
2129
2195
2128
2198
2222
1987
1989
2091
2120
2163
2177
1988
2121
2130
2199
1989
1994
2132
2200
2131
2164
2201
1991
1993
2097
3370
1992
1994
3371
1993
2064
2134
2040
2099
2133
2134
3372
1996
2092
2137
2204
2211
2135
2202
2213
2222
1999
2003
2004
2005
2026
2010
2011
2012
2024
2017
2018
2019
2025
2001
2016
2018
2021
2022
2023
2039
2002
2003
2006
2008
2042
2139
2006
2007
2008
2061
2145
2006
2008
2018
2007
2008
2026
2146
2006
2007
2019
2026
2062
2021
2065
2026
2066
2147
2148
2013
2014
2015
2016
2023
2054
2014
2015
2023
2013
2014
2017
2024
2013
2015
2024
2055
2020
2024
2058
2022
2023
2023
2059
2020
2021
2022
2047
2020
2022
2025
2021
2022
2020
2021
2025
2048
2025
2051
2052
2037
2025
2083
2723
2026
2082
2722
2084
2158
2288
2028
2029
2031
2033
2037
2031
2033
2034
2039
2044
2094
2168
2030
2035
2037
2032
2033
2037
2165
2034
2035
2160
2034
2035
2034
2037
2093
2161
2040
2048
2049
2050
2082
2099
2039
2054
2057
2059
2060
2105
2106
2108
2110
2055
2056
2057
2083
2087
2042
2047
2050
2052
2053
2118
2119
2122
2124
2062
2063
2064
2084
2042
2043
2046
2068
2069
2070
2071
2079
2080
2081
2090
2125
2126
2127
2139
2140
2151
2152
2044
2061
2063
2065
2067
2091
2130
2131
2132
2045
2069
2070
2074
2069
2071
2072
2075
2089
2162
2046
2076
2078
2079
2080
2155
2243
2051
2052
2053
2054
2051
2052
2062
2082
2051
2053
2056
2082
2101
2052
2053
2063
2098
2058
2082
2065
2060
2103
2058
2059
2060
2058
2059
2083
2058
2060
2083
2112
2059
2060
2114
2083
2117
2065
2066
2067
2152
2065
2066
2084
2065
2067
2133
2066
2067
2084
2153
2084
2154
2068
2134
2129
2151
2152
2153
2071
2072
2071
2073
2076
2171
2075
2173
2074
2075
2074
2075
2077
2078
2077
2080
2136
2078
2081
2157
2241
2246
2081
2092
2242
2135
2244
2266
2083
2084
2095
2096
2159
2404
2097
2098
2100
2121
3314
2104
2105
2109
2166
2178
2096
2112
2113
2114
2104
2118
2120
2123
2169
2175
2091
2094
2162
2163
2092
2125
2126
2171
2119
2130
2131
2135
2136
2203
2106
2165
2167
2168
2119
2168
2170
2096
2097
2099
2101
2102
3285
2112
2113
2115
3303
2099
2102
3315
2099
2103
2122
2133
2101
2102
2103
2111
2123
3316
2102
2103
2112
2115
3319
2117
2124
2106
2107
2167
2179
2106
2108
2165
2110
2118
2109
2110
2111
2123
2180
2109
2110
2114
2116
2181
2117
2124
2115
2116
2117
3304
2115
2117
2115
2116
3307
2116
2117
3309
3310
2119
2124
2168
2120
2122
2121
2170
2183
2122
2123
2184
2124
2130
2124
2185
2127
2128
2135
2127
2131
2173
2129
2132
2129
2151
2221
2134
2132
2133
2132
2162
2134
2134
2205
2221
2137
2171
2172
2139
2142
2143
2148
2245
2141
2142
2145
2148
2155
2156
2157
2142
2149
2151
2152
2246
2155
2156
2248
2144
2145
2251
2144
2146
2158
2252
2147
2149
2158
2253
2147
2148
2152
2147
2148
2158
2154
2158
2150
2154
2159
2264
2151
2153
2159
2265
2266
2154
2154
2159
2159
2157
2249
2157
2245
2250
2247
2251
2159
2272
2282
2271
2405
2161
2164
2173
2164
2170
2174
2166
2167
2169
2169
2170
2172
2173
2174
2174
2179
2183
2185
2182
2192
2194
2197
3358
3367
2183
2199
2201
2179
2181
2180
2181
2185
3302
3304
3301
3310
2192
2193
2194
2209
3286
3300
3485
2184
2185
2199
3311
3314
3312
3316
2189
2190
2191
2195
2200
2190
2191
2211
2189
2191
2196
2212
2197
3366
2201
2198
2213
2193
2196
2225
3433
2194
2198
2223
2195
3371
2197
2198
3372
2197
2198
2227
3434
3359
3373
2228
2200
3365
3369
2201
3366
3372
2204
2205
2210
2220
2239
2204
2205
2242
2215
2216
2238
2244
2208
2216
2217
2218
2232
2268
2209
2218
2223
2224
2226
3435
2209
2217
2218
2219
2271
2384
2403
2223
2224
2225
3443
3468
3486
2213
2214
2215
2226
2230
2213
2215
2213
2214
2227
2228
2229
2231
2220
2221
2234
2270
2219
2221
2265
2219
2220
2235
2222
2223
2222
2226
2236
2222
2266
2228
2225
2228
2225
2229
3436
3444
2227
3446
2228
2229
3437
2228
2229
3447
3439
3448
2231
2239
3437
3439
2234
2235
2273
2384
2385
2234
2237
2275
2385
2236
2238
2276
2236
2384
2390
3435
2237
2239
3437
2390
3440
2239
2240
2244
2276
2279
2243
2244
2247
2267
2279
2243
2244
2249
2270
2251
2252
2256
2251
2264
2266
2267
2249
2250
2254
2280
2249
2250
2256
2281
2253
2254
2253
2255
2272
2257
2264
2272
2256
2257
2258
2267
2256
2257
2260
2272
2261
2263
2269
2272
2261
2262
2263
2277
2280
2261
2262
2286
2396
2261
2263
2285
2396
2400
2281
2287
2278
2397
2274
2397
2400
2265
2269
2271
2266
2268
2271
2270
2269
2270
2277
2269
2270
2271
2273
2271
2274
2276
2272
2398
2407
2283
2400
2274
2276
2398
2399
2277
2398
2401
2276
2278
2399
2277
2278
2279
2401
2280
2281
2289
2283
2288
2405
2416
2614
2395
2407
2927
3259
2285
2286
2396
2925
2937
2287
2923
2925
2287
2939
2289
2938
2404
2414
2683
2722
2940
2291
2294
2311
2342
2345
2347
2348
2293
2294
2370
2293
2294
2295
2373
2375
2296
2376
2296
2298
2366
2297
2311
2368
2298
2311
2363
3204
2369
3207
2300
2301
2305
2320
2321
2323
2324
2332
2333
2334
2335
2364
2365
2367
2394
2306
2364
2365
2366
2391
2306
2312
2313
2315
2316
2317
2318
2319
2371
2372
2374
2386
2389
2303
2307
2313
2314
2308
2321
2322
2309
2326
2327
2943
2310
2325
2327
2328
2329
2338
2339
2340
2341
2377
2381
2382
2395
2944
2371
2372
2373
2392
2308
2343
2344
2345
2350
2351
2352
2357
2358
2359
3208
2377
2379
2381
2393
3210
2349
2352
2354
2355
3196
2315
2316
2315
2316
2321
2343
2316
2344
2323
2346
2319
2389
2319
2333
2384
2387
2389
2334
2323
2324
2325
2323
2324
2350
2324
2326
2351
2329
2353
2328
2329
2329
2357
2328
2329
2358
2948
2950
2360
2331
2333
2387
2398
2335
2336
2398
2334
2335
2338
2334
2335
2398
2340
2398
2337
2340
2400
2339
2400
2961
2340
2341
2340
2341
2400
2963
2400
2964
2346
2347
2348
2370
2346
2347
2350
2372
2346
2348
2347
2348
2352
2374
2354
2376
2353
2354
2355
2356
2363
2353
2354
2364
2353
2355
2357
2354
2355
2360
2367
2368
2362
2360
2361
2362
2380
3196
2360
2362
2360
2361
2377
3215
2361
2362
3196
3216
2382
2378
3196
3219
3196
2367
2368
2369
2380
2367
2368
2372
2367
2369
2381
2391
2368
2369
2373
2391
2382
2376
2383
2391
2374
2375
2376
2374
2375
2392
2374
2376
2375
2376
2392
2392
2378
2382
3242
2379
2380
3206
3243
2383
2393
3205
3244
2382
2383
3204
2382
2383
2393
2393
3207
2385
2386
2387
2388
2389
2390
2398
3468
2390
2399
2392
2394
2403
3469
2388
2389
3470
3464
2392
2393
2394
2395
3014
3259
3275
3276
3277
3278
2395
2398
2407
2400
2926
2397
2400
2400
2401
2399
2400
2401
2401
2925
2403
2405
2406
3485
2407
3486
2405
2406
2407
3420
2409
2411
2759
2760
2880
2410
2761
2881
2411
2762
2771
2884
2759
2763
2776
2885
2417
2419
2759
2921
2415
2416
2417
2576
2929
2415
2416
2630
2720
2418
2631
2721
2575
2927
2418
2555
2920
2419
2622
2719
2724
2729
2424
2426
2448
2449
2453
2454
2422
2442
2443
2444
2449
2450
2451
2424
2456
2457
2458
2462
2624
2428
2457
2458
2461
2598
2623
2428
2432
2462
2464
2468
2628
2428
2433
2469
2472
2474
2475
2431
2434
2470
2471
2472
2435
2462
2465
2468
2629
2438
2455
2476
2478
2480
2544
2439
2463
2476
2483
2484
2488
2437
2491
2492
2493
2435
2498
2499
2502
2633
2435
2504
2506
2508
2510
2437
2505
2506
2507
2498
2500
2502
2634
2440
2497
2511
2512
2517
2518
2519
2520
2523
2525
2527
2545
2644
2523
2530
2531
2535
2659
2537
2538
2543
2672
2747
2445
2446
2447
2479
2490
2594
2446
2447
2552
2445
2447
2450
2480
2445
2446
2451
2491
2452
2481
2494
2496
2553
2482
2595
2452
2453
2454
2458
2469
2453
2454
2452
2453
2459
2452
2454
2470
2460
2473
2461
2475
2456
2457
2459
2597
2644
2460
2463
2476
2645
2461
2601
2646
2460
2461
2465
2460
2461
2480
2603
2467
2481
2604
2463
2465
2658
2464
2467
2659
2466
2484
2499
2660
2467
2468
2469
2467
2468
2471
2487
2501
2473
2488
2474
2502
2473
2474
2475
2473
2475
2491
2473
2474
2492
2505
2474
2475
2506
2494
2508
2477
2481
2523
2478
2479
2483
2524
2573
2482
2525
2546
2578
2481
2482
2486
2579
2481
2482
2547
2488
2548
2580
2485
2486
2530
2574
2485
2487
2512
2531
2489
2513
2532
2581
2488
2489
2490
2582
2488
2489
2492
2515
2494
2495
2516
2556
2494
2495
2496
2596
2494
2496
2494
2495
2518
2495
2496
2519
2567
2521
2568
2554
2498
2499
2503
2672
2500
2673
2501
2512
2674
2502
2503
2504
2502
2503
2505
2515
2508
2509
2517
2508
2509
2510
2508
2509
2518
2508
2510
2509
2510
2520
2522
2513
2514
2537
2559
2513
2515
2538
2516
2539
2560
2516
2517
2557
2561
2516
2517
2518
2521
2562
2522
2521
2522
2521
2558
2570
2522
2558
2557
2572
2557
2524
2528
2645
2525
2526
2530
2577
2529
2549
2583
2528
2529
2533
2584
2630
2528
2529
2550
2630
2648
2535
2630
2650
2551
2585
2630
2532
2533
2586
2532
2534
2538
2660
2536
2539
2587
2535
2536
2588
2631
2535
2536
2541
2631
2662
2631
2663
2542
2589
2631
2539
2540
2563
2748
2539
2541
2674
2542
2564
2542
2543
2565
2622
2749
2542
2543
2622
2676
2566
2622
2622
2678
2751
2545
2546
2547
2597
2607
2549
2550
2611
2681
2548
2549
2590
2606
2548
2603
2609
2592
2608
2551
2591
2610
2551
2612
2683
2686
2593
2613
2683
2553
2595
2817
2554
2594
2823
2567
2596
2826
2565
2566
2576
2622
2759
2776
2777
3002
2562
2568
2581
2582
2772
2558
2571
2569
2560
2561
2563
2770
2562
2564
2581
2773
2562
2571
2774
2572
2775
2564
2565
2762
2771
2566
2587
2778
2566
2763
2776
2589
2777
2568
2570
2781
2572
2596
2787
2570
2571
2782
2572
2788
2572
2789
2790
2574
2577
2578
2579
2802
2581
2582
2586
2807
2576
2584
2585
2614
2630
2811
2812
3015
2588
2589
2631
2801
2815
3019
2583
2584
2586
2809
2580
2583
2590
2803
2580
2582
2594
2805
2592
2595
2804
2587
2806
2596
2808
2585
2591
2810
2585
2588
2812
2593
2811
2587
2588
2814
2589
2813
2589
2815
2801
2591
2592
2615
2830
2593
2617
2834
2616
2832
2614
2618
2836
2595
2596
2824
2825
2827
2599
2601
2603
2681
2600
2601
2602
2604
2680
2600
2605
2607
2684
2601
2602
2687
2604
2688
2604
2605
2604
2605
2609
2607
2608
2610
2615
2609
2611
2609
2616
2611
2613
2617
2612
2684
2613
2683
2685
2618
2683
2618
2683
2836
2837
3259
2616
2617
2831
2833
2618
2835
2837
2620
2635
2639
2640
2642
2720
2723
2638
2639
2640
2679
2622
2626
2692
2693
2694
2719
2631
2693
2694
2697
2729
2624
2629
2637
2638
2641
2643
2646
2647
2649
2680
2645
2646
2647
2658
2630
2682
2698
2700
2702
2720
2631
2706
2707
2708
2721
2632
2635
2652
2653
2654
2629
2633
2658
2660
2664
2634
2651
2654
2656
2657
2658
2661
2664
2631
2683
2698
2702
2704
2706
2708
2710
2636
2666
2667
2668
2634
2673
2674
2677
2665
2668
2670
2671
2673
2675
2677
2727
2636
2652
2653
2655
2721
2666
2667
2669
2719
2731
2641
2642
2643
2651
2701
2641
2643
2679
2641
2642
2679
2700
2642
2643
2652
2679
2699
2655
2703
2657
2645
2646
2648
2681
2650
2659
2649
2688
2649
2650
2661
2701
2649
2650
2686
2698
2690
2699
2663
2704
2655
2656
2657
2705
2655
2657
2655
2656
2666
2707
2656
2657
2668
2709
2670
2711
2659
2661
2660
2663
2662
2674
2663
2664
2705
2663
2664
2676
2708
2710
2677
2711
2669
2670
2671
2691
2732
2669
2670
2692
2669
2671
2733
2670
2671
2695
2736
2696
2737
2673
2674
2678
2739
2675
2740
2676
2677
2678
2691
2742
2677
2678
2694
2696
2697
2744
2680
2713
2714
2717
2718
2723
2687
2688
2689
2690
2684
2686
2688
2683
2712
2714
2715
2722
2712
2715
2716
2685
2687
2686
2689
2716
2690
2712
2688
2689
2690
2690
2717
2713
2695
2696
2697
2752
2695
2696
2707
2719
2695
2697
2719
2753
2696
2697
2708
2719
2756
2711
2757
2699
2704
2712
2700
2701
2713
2703
2714
2720
2703
2704
2705
2703
2704
2706
2720
2709
2720
2710
2709
2710
2711
2709
2710
2721
2709
2711
2721
2710
2711
2721
2713
2716
2714
2717
2718
2722
2716
2718
2722
2717
2718
2722
2721
2724
2721
2722
2723
2725
2731
2753
2754
2756
2729
2753
2754
2755
2731
2733
2734
2735
2732
2735
2737
2738
2740
2741
2742
2745
2739
2741
2743
2746
2730
2749
2750
2751
2753
2755
2757
2759
2749
2750
2760
2764
2733
2734
2736
2736
2737
2738
2752
2736
2737
2736
2738
2754
2737
2738
2756
2758
2740
2744
2747
2741
2742
2745
2744
2745
2752
2744
2745
2750
2755
2751
2757
2758
2747
2750
2764
2748
2751
2749
2762
2764
2751
2763
2751
2756
2757
2758
2756
2757
2756
2758
2757
2758
2760
2763
2878
2761
2763
2762
2764
2763
2767
2768
2773
2791
2976
2984
2768
2772
2786
2791
2797
3042
2769
2770
2985
2997
2769
2775
2785
2987
2774
2784
2986
2771
2773
2774
2776
2778
2997
2775
2787
2806
2808
2775
2778
2806
2775
2789
2790
2777
3001
2778
2801
2999
2813
2976
2782
2783
2784
3005
2781
2783
2786
2821
3073
2787
2788
2826
2788
2789
2785
2788
3004
2785
2789
3003
2786
2790
3006
2787
2822
3075
2790
2827
2790
2790
2796
2806
3021
3039
2793
2795
2796
2798
2802
3012
2794
2799
2803
2839
3029
2795
2804
2820
2840
3031
2797
2805
2819
3030
2797
2800
2807
3040
2808
2822
3041
2799
2800
2809
3017
3054
2810
2843
3050
3052
2814
3021
3063
3067
2813
2815
3065
2803
2805
2807
2809
2804
2810
2830
2805
2825
2832
2808
2824
2807
2813
2808
2814
2827
2810
2812
2814
2811
2834
2812
2836
3052
2815
3054
2814
3021
2815
3067
2817
2818
2820
3069
2823
2825
2819
2821
2823
3070
2820
2822
2824
3068
2825
2828
3071
2822
2826
3074
2827
3072
2824
2826
2825
2827
2829
2827
2829
2840
3091
2832
2831
2832
2834
2839
2833
2835
2838
2833
2840
2841
2835
2836
2843
2837
2842
2837
3281
3283
2839
2841
2842
3257
2840
2843
3268
2841
3270
3269
2843
3261
3283
3279
3281
2848
2850
2852
2889
2858
2860
2862
2865
2890
2847
2848
2849
2851
2854
2855
2856
2857
3173
2855
2857
2859
2867
2849
2854
2850
2851
2859
2853
2858
2896
2853
2854
2861
3228
2853
2854
2898
3230
2863
2899
3232
3234
2856
2866
2857
2868
3188
2861
2869
3191
2859
2863
2890
2860
2861
2864
2865
2867
2863
2864
3235
2863
2864
2865
2890
3237
2890
3239
2865
2869
3241
2871
2875
2876
2877
2878
2918
2974
2867
2868
2870
2869
2871
2869
2872
3167
2876
3168
2871
2872
2874
2876
2877
2873
2876
2988
2874
2875
2883
2989
2877
2882
2876
2877
2886
2991
2994
2879
2879
2880
2885
2886
2921
3002
2880
2882
2886
2881
2885
2882
2884
2883
2884
2886
2996
2885
2997
2886
3001
2998
2890
2891
2892
2894
2895
2902
2903
2904
2905
2919
2945
3209
3236
3237
3239
2892
2893
2946
3213
2896
2898
2896
2897
2899
2900
2906
2907
2914
2915
2918
2894
2895
2897
2894
2895
2954
3229
2895
2898
3230
2955
2899
3232
2899
2900
2899
2900
2899
2903
2908
2912
2917
2904
2905
2906
2904
2905
2909
2917
2910
2912
2915
2917
2907
2915
2914
2909
2924
2957
2910
2924
2945
2959
2945
2958
2913
2914
2916
2913
2917
2915
2916
2915
2916
2916
2917
2918
2919
2924
2919
2921
2920
2928
2974
2921
2929
3002
2924
2930
2931
2936
2925
2930
2937
2938
2925
2928
2930
2931
2932
2957
2959
2926
2937
2960
2961
2963
2965
2927
2928
2944
3014
2929
3015
2929
2945
3018
3019
2932
2933
2932
2934
2935
2937
2935
2936
2938
2942
2935
2936
2939
2941
2939
2939
2940
2942
2942
2948
2949
3208
2945
2947
2948
2950
2951
2962
2963
2964
2965
3210
3242
3246
3247
2952
2954
2955
2956
2958
2959
3211
3250
3251
3253
2953
2954
3212
2950
2951
2952
2950
2951
3215
2951
2953
3217
2956
3218
2955
2956
2956
3222
2955
2956
3223
3225
2959
2960
2959
2962
2965
2961
2965
2963
2964
2965
2964
2965
2967
2969
2970
2977
3167
2972
2983
3110
3132
2969
2971
2972
3117
3133
3141
3173
2971
2972
3188
2971
2979
3126
3132
3189
3127
3133
3190
3133
3149
2975
2978
2979
2982
2984
3013
2991
2992
2993
2994
3002
3018
3209
3237
3238
3241
2989
2990
2993
2995
3020
2995
2997
2999
3021
2978
2979
2983
2988
2980
2985
2989
2981
2990
3034
2982
2983
2986
3007
2982
2983
3036
3112
3132
2987
3010
3038
3113
2985
2987
2995
3039
2986
2996
2987
3003
3006
3042
2989
2990
2994
3167
2991
2996
2992
3057
3189
2993
2994
2998
2993
2994
3059
3192
3000
3061
3168
2996
3000
3062
2997
2998
3001
3000
3001
3002
3000
3001
3002
3065
3002
3066
3002
3019
3005
3006
3007
3005
3006
3008
3073
3009
3010
3075
3009
3010
3113
3009
3010
3081
3108
3111
3083
3112
3012
3016
3023
3024
3025
3032
3017
3029
3030
3040
3020
3032
3034
3038
3039
3015
3018
3046
3047
3048
3049
3210
3244
3246
3248
3019
3051
3052
3053
3054
3259
3017
3044
3045
3046
3055
3050
3051
3063
3019
3058
3059
3060
3061
3211
3250
3252
3254
3064
3065
3066
3067
3055
3057
3061
3062
3062
3065
3023
3024
3026
3043
3114
3256
3027
3033
3044
3118
3028
3029
3045
3264
3027
3028
3030
3035
3076
3027
3028
3084
3122
3154
3037
3123
3156
3031
3079
3266
3031
3050
3268
3031
3041
3068
3071
3270
3033
3035
3040
3055
3034
3037
3056
3116
3036
3057
3126
3037
3038
3041
3080
3037
3038
3129
3158
3130
3159
3042
3083
3040
3042
3062
3041
3063
3042
3072
3075
3044
3045
3047
3169
3260
3048
3056
3174
3049
3050
3274
3048
3049
3051
3058
3048
3049
3178
3276
3060
3179
3053
3277
3053
3279
3053
3054
3064
3053
3054
3281
3282
3067
3056
3058
3063
3057
3060
3171
3059
3182
3060
3061
3064
3060
3061
3185
3186
3066
3063
3066
3064
3066
3067
3066
3067
3070
3071
3072
3076
3070
3071
3077
3089
3074
3078
3079
3091
3074
3075
3080
3074
3075
3081
3082
3083
3078
3079
3080
3156
3078
3079
3094
3136
3082
3155
3097
3154
3082
3083
3159
3082
3083
3137
3157
3158
3085
3095
3256
3266
3267
3086
3104
3122
3200
3258
3107
3199
3267
3271
3093
3094
3095
3099
3136
3090
3091
3092
3269
3090
3091
3094
3096
3097
3270
3096
3097
3098
3265
3096
3098
3102
3096
3097
3097
3098
3104
3154
3266
3107
3267
3102
3103
3104
3134
3101
3103
3105
3106
3138
3194
3105
3106
3107
3199
3105
3107
3105
3106
3143
3106
3107
3144
3148
3200
3111
3112
3135
3137
3110
3111
3135
3152
3113
3149
3151
3113
3113
3151
3158
3118
3120
3122
3169
3258
3117
3119
3120
3121
3124
3138
3170
3194
3118
3125
3126
3130
3171
3125
3127
3128
3131
3140
3172
3119
3123
3174
3120
3121
3125
3175
3124
3176
3197
3123
3124
3128
3142
3123
3124
3144
3130
3147
3148
3200
3127
3128
3181
3127
3129
3182
3131
3183
3130
3131
3160
3130
3131
3132
3163
3165
3133
3166
3133
3151
3153
3136
3143
3144
3145
3139
3150
3151
3154
3155
3139
3157
3158
3140
3142
3143
3146
3148
3161
3162
3163
3141
3160
3162
3164
3166
3149
3150
3152
3153
3146
3147
3148
3160
3146
3148
3147
3148
3154
3146
3147
3155
3161
3164
3156
3165
3152
3153
3152
3153
3162
3153
3163
3166
3156
3156
3157
3159
3159
3161
3159
3163
3165
3164
3165
3166
3164
3165
3164
3166
3165
3166
3168
3188
3189
3191
3192
3241
3174
3176
3178
3195
3172
3175
3176
3177
3180
3196
3214
3216
3219
3220
3174
3181
3182
3186
3173
3181
3183
3184
3187
3221
3224
3226
3227
3188
3190
3191
3193
3228
3231
3233
3234
3175
3179
3176
3177
3181
3180
3202
3179
3180
3184
3245
3179
3180
3205
3244
3186
3248
3206
3243
3183
3184
3183
3185
3189
3187
3190
3186
3187
3249
3186
3187
3192
3252
3254
3193
3255
3190
3191
3190
3192
3193
3193
3235
3193
3238
3240
3196
3197
3198
3199
3200
3201
3202
3205
3258
3260
3202
3203
3204
3206
3198
3200
3202
3258
3199
3203
3271
3200
3203
3207
3271
3272
3203
3206
3204
3206
3207
3206
3207
3276
3278
3215
3216
3217
3211
3236
3237
3238
3242
3244
3246
3250
3251
3252
3213
3222
3223
3224
3229
3230
3231
3218
3219
3220
3221
3245
3218
3219
3242
3219
3220
3218
3220
3222
3225
3247
3243
3227
3225
3226
3227
3249
3225
3227
3225
3226
3229
3251
3226
3227
3231
3253
3233
3255
3232
3233
3234
3235
3232
3233
3236
3232
3234
3233
3234
3239
3240
3239
3240
3241
3239
3240
3251
3239
3241
3240
3241
3252
3255
3243
3247
3244
3245
3248
3247
3248
3249
3247
3248
3250
3253
3254
3253
3254
3255
3253
3254
3253
3255
3254
3255
3258
3260
3262
3264
3261
3263
3268
3269
3271
3280
3281
3282
3283
3272
3274
3276
3273
3279
3280
3263
3267
3271
3272
3264
3265
3273
3266
3268
3274
3266
3267
3269
3270
3270
3279
3270
3273
3278
3274
3275
3277
3279
3277
3278
3280
3277
3278
3282
3282
3282
3283
3282
3283
3300
3375
3377
3378
3395
3457
3286
3288
3303
3315
3317
3319
3344
3346
3348
3350
3418
3297
3299
3367
3370
3371
3420
3289
3303
3305
3306
3307
3297
3313
3315
3317
3325
3292
3320
3321
3322
3293
3325
3329
3360
3330
3331
3334
3388
3303
3338
3339
3340
3299
3330
3344
3345
3349
3352
3353
3354
3296
3300
3358
3432
3299
3360
3362
3361
3367
3368
3370
3299
3375
3387
3391
3392
3394
3300
3344
3345
3346
3360
3361
3362
3387
3389
3391
3398
3358
3374
3375
3378
3380
3432
3433
3443
3302
3305
3308
3312
3306
3307
3309
3338
3339
3342
3419
3308
3309
3310
3316
3308
3310
3320
3308
3309
3317
3321
3309
3310
3318
3323
3319
3312
3313
3365
3318
3314
3318
3326
3368
3315
3316
3369
3319
3370
3318
3319
3318
3319
3327
3328
3323
3323
3324
3327
3339
3324
3340
3328
3329
3341
3326
3327
3344
3361
3328
3363
3328
3329
3348
3349
3332
3336
3389
3332
3335
3382
3390
3333
3345
3391
3335
3336
3347
3351
3335
3336
3353
3355
3383
3349
3356
3341
3342
3343
3347
3351
3399
3342
3343
3402
3341
3342
3348
3341
3343
3354
3349
3356
3350
3403
3357
3405
3346
3348
3346
3347
3397
3350
3397
3349
3350
3397
3349
3350
3397
3355
3356
3357
3393
3355
3357
3384
3393
3355
3356
3356
3357
3385
3393
3393
3359
3362
3433
3364
3434
3361
3362
3363
3364
3367
3364
3368
3373
3366
3368
3373
3371
3373
3369
3373
3370
3372
3371
3372
3373
3395
3398
3453
3485
3380
3381
3395
3377
3378
3379
3458
3381
3395
3459
3380
3460
3380
3381
3386
3387
3392
3395
3383
3385
3385
3387
3388
3392
3389
3389
3390
3391
3391
3392
3394
3394
3394
3399
3400
3404
3405
3395
3398
3461
3400
3401
3402
3409
3419
3398
3399
3401
3403
3404
3410
3418
3428
3429
3430
3420
3403
3404
3405
3404
3405
3409
3403
3404
3409
3419
3403
3405
3419
3419
3409
3409
3412
3413
3414
3419
3408
3420
3423
3425
3427
3410
3418
3421
3423
3425
3412
3414
3416
3429
3430
3431
3428
3430
3415
3416
3417
3424
3415
3416
3419
3421
3415
3417
3419
3416
3417
3419
3422
3426
3419
3420
3421
3422
3423
3485
3422
3426
3430
3423
3424
3427
3426
3427
3426
3427
3431
3429
3430
3431
3433
3445
3434
3446
3447
3436
3437
3464
3468
3439
3450
3463
3468
3439
3440
3439
3440
3451
3463
3452
3464
3454
3456
3459
3461
3474
3443
3444
3445
3449
3444
3445
3446
3453
3455
3456
3457
3460
3473
3446
3448
3450
3446
3447
3448
3452
3450
3466
3473
3452
3465
3473
3452
3465
3461
3475
3486
3455
3458
3478
3456
3460
3479
3457
3461
3480
3459
3460
3461
3459
3460
3461
3462
3474
3475
3480
3483
3484
3464
3465
3468
3468
3466
3473
3473
3468
3470
3472
3469
3470
3473
3475
3486
3476
3477
3481
3473
3477
3475
3477
3479
3480
3481
3484
3478
3480
3483
3482
3479
3482
3480
3481
3484
3482
3484
3483
3484
3486
)


// ************************************************************************* //
