/*--------------------------------*- C++ -*----------------------------------*\
| =========                 |                                                 |
| \\      /  F ield         | OpenFOAM: The Open Source CFD Toolbox           |
|  \\    /   O peration     | Version:  dev                                   |
|   \\  /    A nd           | Web:      www.OpenFOAM.org                      |
|    \\/     M anipulation  |                                                 |
\*---------------------------------------------------------------------------*/
FoamFile
{
    version     2.0;
    format      ascii;
    class       regIOobject;
    location    "constant/polyMesh";
    object      faceZones;
}
// * * * * * * * * * * * * * * * * * * * * * * * * * * * * * * * * * * * * * //

50
(
LBo10
{
    type faceZone;
faceLabels      0();
flipMap         0();
}

Y0Z09
{
    type faceZone;
faceLabels      0();
flipMap         0();
}

Y0Z07
{
    type faceZone;
faceLabels      0();
flipMap         0();
}

Y0Z13
{
    type faceZone;
faceLabels      0();
flipMap         0();
}

Y0Z15
{
    type faceZone;
faceLabels      0();
flipMap         0();
}

Y2Z00
{
    type faceZone;
faceLabels      0();
flipMap         0();
}

Y1Z10
{
    type faceZone;
faceLabels      0();
flipMap         0();
}

LBo21
{
    type faceZone;
faceLabels      0();
flipMap         0();
}

Y1Z04
{
    type faceZone;
faceLabels      0();
flipMap         0();
}

Y1Z06
{
    type faceZone;
faceLabels      0();
flipMap         0();
}

Y1Z07
{
    type faceZone;
faceLabels      0();
flipMap         0();
}

Y0Z05
{
    type faceZone;
faceLabels      0();
flipMap         0();
}

Y1Z12
{
    type faceZone;
faceLabels      0();
flipMap         0();
}

Y2Z04
{
    type faceZone;
faceLabels      0();
flipMap         0();
}

wNE
{
    type faceZone;
faceLabels      List<label> 
705
(
138
143
149
160
164
180
190
195
203
250
259
273
279
297
386
390
408
418
426
431
445
480
492
497
516
522
531
532
544
546
569
575
578
584
588
595
598
602
610
614
619
694
703
710
712
726
730
738
748
757
761
770
778
782
786
816
822
828
854
859
862
887
890
896
902
911
913
932
936
939
945
951
955
957
998
1001
1006
1009
1013
1019
1022
1027
1072
1111
1116
1129
1139
1143
1155
1159
1164
1172
1183
1186
1196
1200
1203
1210
1213
1219
1226
1229
1237
1240
1244
1249
1252
1267
1282
1291
1294
1309
1313
1316
1322
1328
1334
1344
1348
1352
1558
1578
1583
1597
1612
1634
1646
1649
1671
1696
1706
1711
1720
1752
1760
1763
1787
1790
1794
1798
1814
1819
1835
1860
1865
1873
1877
1888
1898
1906
1916
1923
1929
1946
1952
1957
1958
1968
1973
1977
1999
2003
2010
2020
2028
2033
2051
2054
2056
2075
2078
2080
2087
2096
2099
2127
2145
2151
2157
2161
2172
2180
2185
2209
2221
2231
2238
2250
2267
2271
2278
2279
2324
2328
2329
2351
2357
2361
2365
2375
2376
2382
2386
2387
2409
2416
2432
2457
2474
2476
2483
2507
2511
2518
2545
2548
2593
2598
2601
2602
2674
2677
2690
2695
2702
2706
2733
2737
2746
2749
2758
2760
2773
2788
2792
2804
2807
2811
2814
2839
2849
2854
2860
2863
2866
2888
2895
2900
2912
2944
2949
2951
2954
2973
2976
2982
3103
3107
3110
3113
3124
3129
3134
3137
3142
3148
3153
3154
3158
3161
3164
3166
3174
3187
3192
3230
3259
3265
3267
3277
3279
3286
3293
3295
3300
3350
3354
3355
3366
3389
3392
3398
3405
3414
3420
3424
3425
3430
3435
3463
3469
3481
3487
3489
3505
3511
3518
3520
3532
3537
3539
3546
3554
3555
3561
3567
3570
3573
3630
3632
3668
3672
3806
3820
3826
3830
3832
3837
3841
3844
5097
5103
5112
5114
5118
5132
5138
5142
5182
5192
5193
5195
5227
5230
5233
5235
5254
5265
5274
5279
5288
5312
5324
5338
5344
5352
5362
5365
5369
5379
5387
5394
5397
5419
5440
5450
5458
5462
5470
5482
5488
5494
5496
5519
5531
5535
5542
5553
5561
5565
5569
5589
5604
5608
5636
5639
5666
5675
5677
5685
5689
5692
5719
5755
5760
5767
5800
5812
5823
5829
5834
5837
5840
5847
5852
5860
5875
5877
5947
5953
5957
5961
5990
5998
6004
6010
6022
6030
6035
6037
6053
6067
6196
6201
6206
6207
6225
6228
6231
6243
6259
6266
6270
6280
6284
6292
6299
6303
6325
6328
6349
6352
6357
6360
6369
6376
6381
6388
6391
6394
6401
6407
6463
6474
6484
6487
6503
6517
6522
6526
6528
6530
6559
6563
6568
6576
6587
6603
6607
6617
6620
6624
6630
6632
6650
6656
6660
6661
6712
6715
6717
6721
6727
6729
6738
6741
6753
6759
6779
6782
6790
6792
6819
6826
6845
6847
6867
6871
6874
6881
6892
6899
6902
6904
6916
6926
6929
6936
6937
6941
6944
6946
6956
6964
6971
6974
7040
7061
7104
7118
7145
7149
7159
7186
7190
7193
7203
7213
7234
7241
7248
7251
7257
7261
7264
7267
7295
7298
7327
7333
7358
7368
7400
7404
7407
7410
7426
7445
7451
7465
7483
7486
7522
7527
7533
7537
7541
7545
7554
7576
7585
7590
7600
7602
7611
7617
7621
7626
7634
7641
7646
7649
7655
7659
7671
7673
7677
7684
7688
7690
7693
7697
7699
7702
7709
7713
7717
7719
7721
7751
7760
7794
7804
7808
7811
7828
7832
7841
7851
7856
7859
7868
7870
7874
7890
7894
7935
7943
7950
7959
7967
7975
7986
7988
7991
8015
8017
8028
8087
8112
8121
8137
8155
8175
8183
8200
8215
8221
8231
8237
8278
8289
8300
8308
8311
8334
8342
8345
8349
8357
8365
8374
8378
8412
8416
8419
8441
8446
8450
8473
8479
8489
8497
8516
8524
8531
8534
8549
8553
8557
8571
8575
8580
8583
8589
8596
8603
8610
8619
8622
8649
8652
8654
8656
8659
8663
8673
8679
8726
8731
8736
8738
8741
8743
8778
8783
8786
8787
8801
8802
8888
8898
9003
9055
9060
9064
9068
9076
11708
11709
11710
11711
11724
11725
11727
)
;
flipMap         List<bool> 
705
(
0
0
1
0
1
0
0
0
0
1
0
0
0
1
1
0
0
1
1
0
1
0
0
1
0
0
0
0
0
1
0
0
1
0
0
0
0
1
1
1
1
0
0
0
0
0
1
1
0
0
1
0
0
0
0
0
0
0
0
1
1
0
1
1
0
0
1
0
0
1
0
0
0
0
0
0
0
0
1
1
1
1
0
1
0
1
0
1
0
0
0
0
0
0
0
0
0
1
1
1
0
1
0
0
0
0
1
1
0
0
1
0
0
0
0
0
1
0
0
0
1
0
1
1
0
1
1
0
1
1
1
0
1
1
1
0
1
1
0
1
1
1
1
0
0
0
0
1
1
1
1
1
1
0
0
0
0
1
1
1
1
1
1
0
0
0
1
1
1
1
1
1
0
0
0
0
0
1
0
0
1
0
0
0
1
1
0
1
0
0
0
0
0
0
0
1
1
0
0
1
0
0
0
0
0
0
0
0
1
0
0
1
0
0
1
0
0
0
0
0
1
0
1
0
1
0
1
0
1
1
1
1
0
0
0
0
0
0
0
0
1
0
0
0
0
0
1
0
0
0
0
0
0
1
0
0
0
0
0
0
0
0
0
0
0
0
0
0
0
0
0
0
0
0
0
0
1
1
0
1
0
0
1
0
0
1
1
0
1
0
1
1
0
0
0
0
0
0
0
1
0
0
0
1
0
0
0
0
0
1
1
0
0
1
0
0
0
0
0
0
1
0
1
0
0
0
0
0
1
1
1
1
1
1
1
1
0
1
0
0
0
0
1
1
1
1
0
1
0
1
1
1
1
0
1
1
0
1
1
0
0
0
0
0
0
1
0
1
1
0
0
0
0
1
0
1
1
0
0
0
0
0
1
0
1
0
1
1
1
0
1
0
0
1
0
0
0
1
1
1
1
1
0
0
0
1
0
0
0
0
0
0
0
1
0
0
1
1
1
1
1
1
0
0
0
0
1
1
1
1
0
1
1
0
1
1
1
1
1
1
1
0
1
1
1
0
0
0
0
0
0
0
0
0
1
1
0
0
1
1
1
1
0
1
0
0
0
1
1
1
1
1
0
0
1
1
1
1
1
1
1
0
0
0
0
1
0
0
1
1
0
0
0
0
0
0
0
1
0
0
1
1
1
1
0
1
1
1
1
1
0
0
0
1
1
1
1
1
0
1
0
1
1
0
1
1
1
1
0
0
0
0
1
1
1
1
0
0
0
1
0
1
1
1
1
1
1
1
1
1
1
1
0
0
0
0
0
1
1
0
1
1
0
1
1
0
1
1
0
0
0
0
0
0
0
0
0
0
0
0
0
0
0
1
1
0
0
0
0
1
1
1
0
1
1
1
1
1
0
1
1
0
1
1
0
0
0
0
0
0
0
0
1
1
1
1
1
1
0
0
0
0
0
1
1
1
1
1
1
1
1
0
0
1
0
0
1
0
1
1
0
1
0
0
1
0
0
1
0
1
0
0
0
0
1
0
0
1
0
0
1
0
0
0
1
0
1
0
1
0
1
1
1
1
1
0
0
0
1
1
1
1
1
1
1
1
1
1
1
1
0
0
0
0
1
0
0
0
0
0
0
0
0
0
0
)
;
}

Y0Z04
{
    type faceZone;
faceLabels      0();
flipMap         0();
}

LBo22
{
    type faceZone;
faceLabels      0();
flipMap         0();
}

Y0Z00
{
    type faceZone;
faceLabels      0();
flipMap         0();
}

LBu10
{
    type faceZone;
faceLabels      0();
flipMap         0();
}

Y1Z15
{
    type faceZone;
faceLabels      0();
flipMap         0();
}

Y0Z14
{
    type faceZone;
faceLabels      0();
flipMap         0();
}

Y0Z01
{
    type faceZone;
faceLabels      0();
flipMap         0();
}

Y2Z02
{
    type faceZone;
faceLabels      0();
flipMap         0();
}

Y2Z03
{
    type faceZone;
faceLabels      0();
flipMap         0();
}

Y1Z05
{
    type faceZone;
faceLabels      0();
flipMap         0();
}

Y0Z10
{
    type faceZone;
faceLabels      0();
flipMap         0();
}

LBu11
{
    type faceZone;
faceLabels      0();
flipMap         0();
}

Y0Z12
{
    type faceZone;
faceLabels      0();
flipMap         0();
}

Y0Z03
{
    type faceZone;
faceLabels      0();
flipMap         0();
}

LBo20
{
    type faceZone;
faceLabels      0();
flipMap         0();
}

Y1Z09
{
    type faceZone;
faceLabels      0();
flipMap         0();
}

Y1Z13
{
    type faceZone;
faceLabels      0();
flipMap         0();
}

Y1Z11
{
    type faceZone;
faceLabels      0();
flipMap         0();
}

Y1Z03
{
    type faceZone;
faceLabels      0();
flipMap         0();
}

Y2Z01
{
    type faceZone;
faceLabels      0();
flipMap         0();
}

Y2Z06
{
    type faceZone;
faceLabels      0();
flipMap         0();
}

Y1Z08
{
    type faceZone;
faceLabels      0();
flipMap         0();
}

Y0Z11
{
    type faceZone;
faceLabels      0();
flipMap         0();
}

LBu12
{
    type faceZone;
faceLabels      0();
flipMap         0();
}

Y0Z02
{
    type faceZone;
faceLabels      0();
flipMap         0();
}

LBo11
{
    type faceZone;
faceLabels      0();
flipMap         0();
}

Y1Z01
{
    type faceZone;
faceLabels      0();
flipMap         0();
}

Y1Z00
{
    type faceZone;
faceLabels      0();
flipMap         0();
}

Y1Z02
{
    type faceZone;
faceLabels      0();
flipMap         0();
}

Y2Z07
{
    type faceZone;
faceLabels      0();
flipMap         0();
}

LBo12
{
    type faceZone;
faceLabels      0();
flipMap         0();
}

Y0Z06
{
    type faceZone;
faceLabels      0();
flipMap         0();
}

Y0Z08
{
    type faceZone;
faceLabels      0();
flipMap         0();
}

Y1Z14
{
    type faceZone;
faceLabels      0();
flipMap         0();
}

Y2Z05
{
    type faceZone;
faceLabels      0();
flipMap         0();
}
)

// ************************************************************************* //
