/*--------------------------------*- C++ -*----------------------------------*\
| =========                 |                                                 |
| \\      /  F ield         | OpenFOAM: The Open Source CFD Toolbox           |
|  \\    /   O peration     | Version:  dev                                   |
|   \\  /    A nd           | Web:      www.OpenFOAM.org                      |
|    \\/     M anipulation  |                                                 |
\*---------------------------------------------------------------------------*/
FoamFile
{
    version     2.0;
    format      ascii;
    class       labelList;
    note        "nPoints: 4964 nCells: 3523 nFaces: 11890 nInternalFaces: 10225";
    location    "constant/polyMesh";
    object      owner;
}
// * * * * * * * * * * * * * * * * * * * * * * * * * * * * * * * * * * * * * //


11890
(
0
0
0
0
0
1
1
1
1
2
2
2
2
3
3
3
4
4
4
5
5
6
6
6
6
6
6
6
6
6
7
7
7
7
7
8
9
10
10
10
10
11
11
11
12
12
13
13
13
13
14
14
14
15
15
16
17
17
17
17
18
18
18
18
19
19
19
19
20
20
20
21
21
21
21
21
21
22
22
22
22
23
23
23
23
24
24
25
25
25
25
25
26
26
26
26
26
26
26
26
27
27
27
28
29
29
30
30
30
31
32
32
32
32
33
33
33
34
34
35
36
38
38
38
38
38
38
39
39
39
39
40
40
40
41
41
41
42
42
42
42
42
42
43
43
43
43
43
44
44
44
44
44
45
45
45
45
46
46
47
47
47
47
47
48
48
48
48
48
48
49
49
49
49
50
50
50
51
51
51
51
51
51
52
52
52
52
53
53
53
54
54
54
55
55
55
55
55
56
56
56
56
56
57
57
57
58
58
59
59
59
59
59
59
60
60
60
60
60
61
61
61
61
62
62
62
62
63
63
64
64
64
64
64
64
65
65
65
65
66
66
66
66
67
67
67
68
68
69
69
69
69
69
70
70
70
71
71
71
71
71
71
72
72
72
72
72
72
72
73
73
73
73
73
73
74
74
74
74
74
74
75
75
75
75
75
76
76
76
76
76
76
76
76
76
77
77
77
77
77
78
78
78
78
78
78
79
79
79
79
79
79
80
80
80
80
81
81
81
81
81
81
82
82
82
82
82
82
82
82
83
83
83
83
83
83
83
83
83
84
84
84
84
84
84
84
84
84
84
85
85
85
85
85
86
86
86
86
86
86
86
87
87
87
87
88
88
88
88
88
88
88
88
88
88
89
89
89
89
89
89
89
90
90
90
90
90
90
91
91
91
91
91
92
92
92
92
92
93
93
93
93
94
94
94
94
94
94
95
95
95
95
95
96
96
96
96
96
97
97
97
98
98
98
99
99
99
99
100
100
100
100
100
101
101
101
101
102
102
102
102
102
102
102
103
103
103
103
104
104
104
104
105
105
105
105
105
106
106
106
106
106
107
107
107
107
107
108
108
108
108
108
109
109
109
110
110
110
110
110
111
111
111
112
112
112
112
112
113
113
113
113
114
114
114
114
115
115
115
115
116
116
116
117
117
118
118
118
119
119
119
119
120
120
120
120
120
121
121
121
122
122
122
122
122
123
123
123
124
124
125
125
126
126
126
126
127
127
127
127
128
128
128
129
129
129
130
130
130
132
132
133
133
133
133
134
134
134
135
135
136
136
136
137
137
138
140
140
140
141
141
141
142
142
142
143
143
144
144
144
145
147
147
147
147
147
148
148
148
148
149
149
150
150
150
150
151
151
152
153
154
154
154
154
154
155
155
155
155
156
156
156
157
157
157
157
158
158
158
159
160
160
161
161
161
162
162
162
163
163
164
164
165
165
168
168
168
168
169
169
169
170
170
170
171
171
172
172
172
172
173
174
175
175
175
176
176
176
176
176
176
177
177
177
177
177
177
178
178
178
178
178
178
178
179
179
179
179
179
180
180
180
180
180
180
181
181
181
181
181
182
182
182
182
182
182
183
183
183
183
184
184
184
184
185
185
185
185
185
186
186
187
187
187
188
188
188
189
189
189
190
190
190
191
191
192
192
192
192
192
193
193
193
193
194
194
194
195
195
195
195
195
196
197
197
197
198
198
199
199
200
200
200
200
201
201
201
202
202
202
203
203
203
203
204
204
205
206
206
206
206
206
206
207
207
207
208
208
208
209
209
209
210
210
211
211
212
212
213
213
213
213
213
214
214
214
214
215
215
215
216
216
216
216
216
217
218
218
219
219
219
220
220
220
221
221
221
221
222
222
223
223
223
223
224
224
224
225
226
226
227
227
227
227
227
228
228
228
229
229
229
230
230
230
230
231
231
231
231
232
233
233
234
234
234
234
234
235
235
236
236
236
237
237
237
238
239
240
240
241
241
241
241
241
242
242
243
243
243
244
244
244
245
246
247
247
248
248
248
248
249
249
249
250
250
251
251
251
251
253
253
254
255
255
255
256
256
256
257
257
258
258
258
259
259
259
261
261
262
262
262
263
263
264
265
265
265
266
266
268
269
269
270
270
271
271
272
272
273
273
273
274
276
276
276
276
276
277
277
278
278
278
279
279
279
280
281
282
282
283
283
283
283
283
284
284
285
285
285
285
286
286
286
286
287
288
289
289
289
290
290
290
290
291
291
292
292
292
293
293
293
293
295
296
296
297
297
297
297
298
298
298
299
300
300
300
300
301
301
302
303
304
304
304
304
305
305
305
306
306
307
307
307
307
308
308
308
309
310
310
311
311
312
312
313
314
314
315
315
318
318
318
319
319
320
321
321
322
322
322
324
325
325
325
325
326
326
326
326
327
327
327
328
328
328
328
328
329
329
331
332
332
332
332
332
333
333
333
333
333
333
334
334
334
334
334
334
335
335
335
335
336
336
336
336
336
336
336
336
337
337
337
337
337
337
338
338
338
338
338
339
339
339
339
339
340
340
340
340
341
341
341
341
342
342
342
342
342
343
343
343
343
343
344
344
344
345
345
345
346
346
346
347
347
347
347
347
348
348
349
349
350
350
350
350
350
351
351
351
351
352
352
353
353
353
353
354
354
354
354
355
356
356
356
357
357
357
357
357
358
358
358
358
358
359
359
359
359
360
360
360
360
360
361
361
361
362
363
363
364
364
364
365
365
365
365
366
366
366
367
367
367
367
368
368
370
371
371
372
372
372
372
373
373
374
374
375
375
376
376
376
376
377
378
379
379
379
379
380
380
380
381
382
382
382
383
383
383
385
385
386
386
386
386
386
387
387
387
387
387
387
387
388
388
388
388
389
389
389
389
390
390
390
390
390
390
391
391
391
392
392
392
393
393
393
393
394
394
394
394
395
395
395
395
396
396
396
396
397
398
398
398
399
399
399
399
400
400
400
400
400
401
401
401
402
402
402
402
402
403
403
403
404
404
405
405
406
406
407
407
407
408
408
408
409
409
409
409
410
410
411
411
411
412
412
412
412
413
413
414
414
414
415
415
415
416
416
416
416
416
417
417
418
418
418
419
419
419
420
421
422
422
422
422
422
422
423
423
423
423
423
424
424
424
424
424
424
425
425
425
425
426
426
426
427
427
427
427
427
428
428
428
430
430
431
431
432
432
432
433
433
433
433
433
434
434
435
435
435
435
436
436
436
437
438
439
439
439
439
440
440
440
440
441
441
441
441
441
442
442
442
442
443
443
443
444
444
446
446
446
446
446
447
447
447
447
448
448
448
449
449
449
449
449
450
450
450
451
451
451
451
452
452
452
452
453
454
454
454
455
455
456
456
456
456
457
457
458
458
458
458
459
459
460
460
460
460
460
461
461
461
461
462
462
462
462
462
463
463
463
463
463
464
464
464
464
465
465
465
465
466
467
467
467
467
468
468
468
469
469
469
469
470
470
470
470
471
471
471
472
472
472
473
473
473
474
474
474
475
475
475
476
476
476
476
477
477
477
477
477
477
478
478
478
478
478
479
479
479
479
479
479
479
479
479
479
480
480
480
480
480
481
481
481
481
481
481
482
482
482
482
482
482
482
483
483
483
483
483
484
484
484
484
485
485
485
485
485
485
485
485
486
486
486
486
487
487
487
487
487
487
488
488
488
488
488
489
489
489
489
490
490
490
490
491
491
491
491
492
492
492
492
493
493
493
494
494
494
494
495
495
495
495
495
496
496
497
497
497
498
498
498
498
499
499
499
500
500
501
501
501
502
502
502
503
503
504
504
504
504
504
504
505
505
505
505
505
506
506
506
506
506
507
507
507
507
508
508
508
509
509
509
509
510
510
510
511
511
511
511
512
512
512
512
513
513
514
514
515
515
515
515
515
516
516
516
516
516
517
517
517
518
518
518
518
519
519
519
519
520
520
520
521
521
521
522
522
522
522
523
523
523
524
524
524
525
525
525
526
527
527
527
527
528
528
528
529
530
530
531
531
531
532
532
533
534
534
534
534
535
535
535
536
537
537
538
538
539
539
540
541
541
541
542
542
542
543
544
545
545
545
545
545
545
546
546
546
546
546
547
547
547
547
548
548
548
548
548
548
549
549
549
549
549
550
550
550
550
551
551
551
551
552
552
552
553
553
553
553
554
554
554
555
555
556
556
556
556
556
556
556
556
557
557
557
557
558
558
558
558
558
558
559
559
559
559
560
560
560
561
561
561
561
562
562
563
563
563
564
564
565
565
565
565
566
566
566
566
566
566
567
567
567
567
567
568
568
568
568
569
569
569
569
569
570
570
570
570
570
571
571
571
571
572
572
572
572
573
573
573
573
574
574
574
575
575
575
575
576
576
576
576
577
577
577
578
578
578
578
578
578
579
579
579
579
579
579
580
580
580
581
581
581
582
582
582
583
583
584
584
585
585
586
586
586
586
586
587
587
587
587
587
588
588
588
588
588
589
589
589
590
590
590
590
591
591
591
591
592
592
592
593
593
593
594
594
594
595
597
597
597
598
598
598
598
598
599
599
599
599
600
600
601
601
602
602
602
602
603
603
603
603
604
604
605
605
605
605
605
606
606
606
607
607
608
608
609
609
610
610
610
611
611
611
612
612
613
613
614
614
617
617
617
618
618
618
619
619
620
620
620
621
621
621
622
622
623
623
623
624
624
625
625
626
627
627
628
628
628
628
629
629
630
630
630
631
631
631
632
633
633
633
634
634
634
635
635
635
635
636
636
637
638
638
639
640
640
641
641
642
643
643
643
644
644
645
645
646
647
647
647
647
647
647
647
647
647
648
648
648
648
648
649
649
649
649
649
649
649
649
650
650
650
650
650
650
651
651
651
652
652
652
652
652
653
653
653
654
654
654
654
655
655
655
655
655
656
657
657
658
658
658
659
659
659
659
659
660
660
660
660
661
661
661
661
661
662
662
663
663
663
663
663
663
663
664
664
664
664
665
665
665
665
665
666
666
666
666
666
667
667
667
667
667
668
668
668
668
669
669
669
669
669
670
670
670
670
670
670
670
671
671
671
671
672
672
672
672
673
673
673
673
674
674
674
675
675
675
675
675
676
676
677
677
677
677
677
677
678
678
678
678
678
678
679
679
679
679
679
680
680
680
680
681
681
682
682
682
683
684
684
684
686
686
686
686
686
687
687
687
688
688
688
689
689
689
689
690
691
691
692
692
693
693
694
694
695
695
696
696
696
698
699
699
699
699
700
700
701
701
702
702
703
704
704
704
704
705
705
706
706
707
707
707
707
708
708
708
708
708
709
709
709
710
710
711
711
711
711
712
713
714
714
715
715
715
716
717
717
717
718
718
719
720
721
721
721
721
721
722
722
723
723
723
724
724
725
725
725
726
728
729
729
729
730
731
731
732
732
733
733
733
734
734
734
734
735
735
736
736
737
737
737
737
737
738
739
739
740
740
740
740
741
742
742
743
743
743
743
744
745
745
746
746
746
746
746
746
746
746
746
747
747
747
747
748
748
748
748
748
748
748
748
748
748
749
749
749
749
750
750
750
750
750
750
750
751
751
751
751
752
752
752
753
753
753
753
753
753
753
753
753
754
754
754
754
755
755
755
755
756
756
756
757
757
757
758
759
760
760
761
761
761
761
762
762
762
763
763
763
764
764
764
765
766
767
768
768
768
768
768
769
769
769
770
770
770
771
771
771
771
772
773
773
774
774
775
775
775
775
776
776
777
777
778
778
778
780
781
782
782
782
783
783
785
786
786
787
787
787
788
790
790
790
790
791
791
791
791
792
792
792
792
793
793
793
793
793
794
794
794
794
794
795
795
795
795
796
796
796
796
797
797
798
798
798
799
799
800
802
803
803
803
803
804
804
805
805
805
806
806
807
808
810
810
810
810
811
811
812
812
813
813
813
815
816
817
817
818
818
821
821
821
821
822
822
822
822
823
824
824
827
827
827
827
827
827
827
828
828
828
828
828
828
829
829
829
829
829
829
829
829
829
830
830
830
830
831
831
831
831
832
832
832
833
833
833
833
833
834
834
834
834
835
835
835
835
836
836
836
836
837
837
838
838
839
839
839
840
840
841
841
841
841
842
842
842
842
843
843
844
844
845
845
845
846
846
846
847
848
849
849
849
849
850
850
850
851
851
851
851
852
852
852
853
853
853
853
854
854
855
855
857
858
858
858
859
859
859
860
861
862
862
862
862
863
863
863
863
864
864
865
865
866
866
866
867
868
868
868
869
869
870
870
870
871
871
872
872
873
874
874
874
874
875
875
875
875
875
876
876
876
876
876
876
876
877
877
877
877
878
878
878
879
879
879
879
880
880
880
880
880
880
881
881
881
882
882
882
882
883
883
883
883
884
884
885
885
885
886
886
886
886
887
887
887
887
888
888
888
888
889
889
889
889
890
891
891
891
892
892
892
892
893
893
893
893
894
894
895
895
895
895
896
896
896
897
897
898
899
899
899
900
900
900
900
901
901
902
902
903
903
903
904
904
904
905
905
905
905
906
906
906
906
907
907
907
908
909
909
909
910
910
910
911
912
912
912
912
913
913
913
914
914
915
916
916
916
916
916
917
917
917
917
918
918
918
918
918
918
919
919
919
919
919
919
919
919
920
920
920
920
920
920
921
921
921
921
921
921
922
922
923
923
923
923
923
924
924
924
924
925
925
925
926
926
927
927
927
927
928
928
928
928
929
929
930
930
930
931
932
932
934
934
934
934
935
935
935
936
936
937
937
938
939
941
941
941
941
941
941
941
941
941
941
941
941
942
942
942
942
942
943
943
943
943
944
944
944
944
945
945
945
946
946
946
946
947
947
947
948
948
948
949
949
950
950
950
950
950
951
951
951
951
952
952
952
952
953
953
953
954
954
954
955
955
956
956
956
957
957
958
958
958
959
959
960
960
960
961
961
962
962
962
962
962
962
963
963
963
963
964
964
964
965
965
966
967
967
967
968
968
969
971
971
971
971
971
971
972
972
972
972
972
972
973
973
973
973
973
974
974
974
974
974
975
975
975
975
976
976
976
976
977
977
977
978
978
978
978
978
979
979
979
979
979
980
980
980
980
981
981
981
981
982
983
983
983
983
984
984
984
984
985
985
985
986
986
986
987
987
987
987
988
989
990
991
991
991
991
992
992
992
993
993
993
994
994
995
995
995
995
996
996
996
996
996
997
997
997
997
997
997
998
998
998
998
998
998
999
999
999
999
999
1000
1000
1000
1000
1000
1000
1001
1001
1001
1001
1001
1002
1002
1002
1002
1002
1003
1003
1003
1003
1003
1003
1004
1004
1004
1004
1005
1005
1005
1006
1006
1006
1006
1006
1006
1007
1007
1007
1007
1008
1008
1008
1008
1009
1009
1009
1010
1010
1010
1011
1011
1011
1012
1012
1012
1013
1013
1013
1013
1014
1015
1015
1016
1016
1016
1017
1017
1017
1018
1018
1019
1019
1019
1020
1020
1020
1021
1022
1023
1023
1023
1023
1024
1024
1024
1025
1025
1025
1026
1026
1026
1027
1027
1027
1027
1029
1030
1031
1031
1031
1031
1032
1032
1032
1033
1033
1034
1034
1034
1034
1036
1037
1037
1038
1038
1038
1039
1041
1041
1041
1042
1042
1042
1043
1043
1044
1044
1044
1047
1048
1048
1048
1048
1049
1049
1050
1050
1051
1051
1051
1053
1054
1055
1055
1056
1056
1057
1057
1058
1058
1059
1059
1059
1061
1062
1062
1063
1063
1064
1065
1065
1066
1066
1069
1069
1069
1069
1069
1069
1070
1070
1070
1070
1070
1071
1071
1071
1071
1072
1072
1072
1073
1073
1073
1073
1073
1073
1074
1074
1074
1074
1074
1074
1075
1075
1075
1075
1075
1076
1076
1076
1076
1077
1077
1078
1078
1078
1079
1081
1081
1081
1082
1082
1083
1083
1084
1084
1084
1084
1084
1084
1085
1085
1085
1086
1086
1086
1087
1087
1088
1088
1089
1090
1090
1091
1091
1091
1092
1093
1093
1093
1093
1093
1094
1094
1094
1094
1094
1095
1095
1095
1095
1095
1095
1095
1096
1096
1096
1096
1096
1096
1097
1097
1097
1097
1097
1097
1097
1098
1098
1098
1098
1098
1099
1099
1099
1099
1100
1100
1100
1101
1101
1101
1101
1101
1102
1102
1102
1103
1103
1103
1103
1104
1104
1104
1105
1105
1105
1105
1106
1107
1107
1107
1107
1108
1108
1108
1109
1109
1109
1109
1109
1110
1110
1110
1111
1111
1111
1111
1112
1112
1112
1112
1112
1113
1114
1114
1114
1115
1115
1116
1116
1116
1116
1116
1116
1117
1117
1117
1117
1118
1118
1118
1119
1119
1120
1120
1120
1120
1122
1122
1123
1124
1124
1125
1125
1125
1126
1126
1127
1127
1128
1128
1128
1130
1131
1131
1131
1131
1132
1132
1133
1133
1133
1134
1134
1134
1135
1135
1136
1138
1138
1138
1139
1139
1140
1141
1141
1142
1142
1143
1143
1143
1143
1143
1144
1144
1144
1144
1144
1145
1145
1145
1145
1145
1146
1146
1147
1147
1147
1147
1148
1148
1148
1149
1151
1151
1151
1152
1152
1153
1154
1154
1155
1156
1157
1158
1158
1158
1158
1158
1159
1159
1159
1159
1160
1160
1160
1161
1161
1161
1162
1162
1162
1162
1163
1163
1163
1164
1164
1164
1164
1164
1165
1165
1165
1165
1166
1166
1166
1167
1167
1168
1168
1168
1168
1168
1170
1170
1171
1171
1172
1172
1173
1174
1174
1174
1175
1176
1176
1177
1177
1178
1178
1178
1178
1179
1179
1179
1180
1180
1181
1181
1181
1182
1182
1182
1183
1183
1184
1185
1185
1185
1186
1186
1187
1187
1187
1188
1188
1189
1189
1190
1190
1191
1192
1193
1195
1196
1197
1197
1197
1197
1197
1197
1198
1198
1198
1198
1198
1198
1198
1198
1198
1198
1199
1199
1199
1199
1200
1200
1200
1200
1201
1201
1201
1202
1202
1202
1202
1203
1203
1203
1204
1204
1204
1205
1205
1206
1206
1206
1206
1206
1207
1207
1207
1208
1208
1208
1209
1209
1209
1210
1210
1212
1212
1212
1213
1213
1214
1214
1215
1216
1216
1216
1217
1217
1218
1218
1218
1219
1219
1219
1220
1220
1221
1223
1223
1223
1223
1223
1224
1224
1224
1224
1224
1225
1225
1225
1225
1225
1226
1226
1226
1226
1227
1227
1227
1227
1228
1229
1229
1229
1230
1230
1230
1230
1231
1231
1231
1232
1232
1232
1233
1233
1233
1234
1235
1236
1237
1237
1237
1238
1238
1238
1239
1239
1240
1240
1241
1241
1245
1245
1245
1246
1246
1247
1247
1248
1248
1252
1252
1252
1252
1252
1252
1252
1252
1252
1252
1252
1252
1252
1252
1252
1253
1253
1253
1253
1253
1254
1254
1254
1254
1254
1255
1255
1255
1255
1255
1255
1256
1256
1256
1256
1256
1256
1256
1257
1257
1257
1257
1258
1258
1258
1258
1258
1258
1258
1259
1259
1259
1259
1259
1260
1260
1260
1260
1261
1261
1261
1261
1261
1261
1262
1262
1262
1262
1262
1262
1263
1263
1263
1263
1264
1264
1264
1264
1265
1265
1265
1266
1266
1266
1267
1267
1268
1268
1269
1270
1270
1270
1270
1270
1271
1271
1271
1272
1272
1272
1273
1273
1273
1274
1274
1275
1275
1276
1277
1277
1277
1277
1278
1278
1278
1279
1279
1279
1280
1280
1280
1281
1282
1283
1284
1284
1284
1285
1285
1286
1286
1286
1287
1287
1287
1288
1291
1291
1291
1291
1291
1291
1291
1291
1291
1291
1291
1291
1291
1292
1292
1292
1292
1293
1293
1293
1293
1294
1294
1294
1294
1294
1294
1295
1295
1295
1295
1295
1295
1295
1295
1296
1296
1296
1296
1297
1297
1297
1297
1297
1297
1297
1297
1298
1298
1298
1298
1298
1298
1299
1299
1299
1299
1299
1299
1300
1300
1301
1301
1301
1301
1302
1302
1302
1303
1303
1303
1304
1304
1305
1305
1305
1306
1306
1306
1307
1307
1308
1308
1308
1309
1309
1309
1310
1311
1312
1312
1312
1312
1313
1314
1314
1315
1315
1315
1316
1316
1316
1316
1317
1317
1318
1319
1319
1319
1320
1320
1321
1321
1321
1322
1322
1322
1323
1326
1326
1326
1326
1327
1327
1327
1328
1328
1328
1328
1328
1329
1329
1329
1329
1329
1330
1330
1330
1331
1332
1332
1332
1333
1333
1333
1334
1334
1335
1335
1335
1336
1338
1338
1338
1339
1339
1340
1340
1341
1341
1345
1345
1345
1346
1346
1347
1347
1348
1349
1350
1351
1352
1353
1353
1353
1353
1354
1354
1354
1354
1355
1355
1355
1356
1356
1356
1357
1357
1357
1357
1357
1358
1358
1358
1358
1358
1358
1358
1358
1359
1359
1359
1359
1359
1359
1359
1360
1360
1360
1360
1361
1361
1362
1362
1362
1362
1362
1363
1363
1363
1363
1363
1363
1364
1364
1364
1364
1364
1365
1365
1365
1365
1365
1365
1365
1366
1366
1366
1366
1367
1367
1367
1367
1367
1367
1368
1368
1368
1368
1368
1368
1369
1369
1369
1369
1369
1370
1371
1371
1371
1372
1372
1372
1373
1373
1373
1374
1374
1374
1375
1375
1375
1375
1375
1375
1375
1375
1376
1376
1376
1376
1376
1376
1376
1376
1377
1377
1377
1377
1377
1377
1377
1377
1378
1378
1378
1379
1379
1379
1380
1380
1381
1381
1382
1383
1385
1385
1385
1385
1386
1386
1386
1387
1387
1387
1388
1388
1388
1389
1390
1391
1392
1392
1393
1393
1394
1395
1395
1395
1396
1396
1396
1397
1398
1399
1399
1399
1399
1399
1399
1400
1400
1400
1401
1401
1401
1402
1402
1402
1403
1403
1404
1404
1405
1405
1406
1406
1406
1407
1407
1408
1408
1408
1409
1409
1409
1410
1413
1413
1413
1414
1414
1415
1415
1415
1416
1416
1416
1417
1420
1420
1420
1421
1421
1422
1422
1423
1423
1427
1427
1427
1428
1428
1429
1429
1430
1430
1434
1434
1434
1435
1435
1436
1436
1437
1437
1441
1441
1441
1441
1442
1442
1442
1442
1442
1442
1442
1442
1442
1443
1443
1443
1443
1443
1444
1444
1444
1445
1445
1446
1446
1447
1447
1447
1447
1448
1448
1448
1449
1449
1450
1451
1451
1451
1451
1452
1452
1452
1453
1453
1453
1454
1454
1454
1455
1456
1456
1456
1457
1457
1458
1458
1458
1458
1459
1459
1459
1459
1460
1460
1460
1460
1460
1460
1461
1461
1461
1461
1462
1462
1462
1462
1462
1463
1463
1463
1463
1464
1464
1464
1464
1464
1464
1465
1465
1465
1465
1465
1465
1466
1466
1466
1466
1466
1467
1467
1467
1467
1467
1467
1467
1467
1468
1468
1468
1468
1468
1468
1468
1468
1469
1469
1469
1470
1470
1471
1471
1471
1471
1471
1472
1472
1472
1472
1472
1473
1473
1473
1473
1473
1473
1473
1473
1473
1473
1473
1473
1473
1473
1474
1474
1474
1474
1474
1475
1475
1475
1475
1475
1476
1476
1476
1476
1477
1477
1477
1477
1478
1478
1478
1478
1478
1479
1479
1479
1480
1480
1480
1481
1481
1481
1481
1481
1481
1482
1482
1482
1482
1482
1482
1482
1482
1483
1483
1483
1483
1483
1483
1483
1483
1484
1484
1484
1484
1485
1485
1485
1485
1485
1485
1486
1486
1486
1486
1486
1486
1487
1487
1488
1488
1488
1488
1488
1488
1489
1489
1489
1490
1490
1490
1490
1490
1490
1491
1491
1491
1491
1491
1492
1492
1492
1492
1493
1493
1493
1493
1493
1493
1494
1494
1494
1494
1494
1494
1495
1495
1495
1495
1495
1495
1496
1496
1496
1496
1496
1496
1496
1497
1497
1497
1497
1497
1497
1497
1498
1498
1498
1498
1499
1500
1500
1500
1500
1500
1500
1501
1501
1501
1501
1501
1501
1502
1502
1502
1503
1503
1503
1504
1504
1504
1505
1505
1505
1506
1506
1506
1506
1506
1506
1506
1506
1507
1507
1507
1507
1507
1507
1507
1507
1508
1508
1508
1508
1508
1508
1508
1508
1509
1509
1509
1509
1510
1510
1511
1511
1511
1512
1512
1512
1513
1514
1514
1514
1515
1515
1515
1516
1516
1517
1517
1517
1518
1518
1518
1519
1520
1521
1521
1521
1522
1522
1523
1523
1523
1524
1524
1524
1525
1528
1528
1528
1529
1529
1530
1530
1531
1531
1535
1535
1535
1536
1536
1536
1537
1537
1538
1538
1539
1540
1542
1542
1542
1542
1543
1543
1543
1544
1544
1545
1545
1545
1546
1546
1547
1549
1549
1549
1550
1550
1550
1551
1551
1552
1552
1552
1553
1553
1553
1554
1555
1556
1556
1556
1557
1557
1557
1558
1559
1559
1560
1561
1563
1563
1564
1564
1565
1566
1566
1566
1567
1567
1567
1568
1569
1570
1570
1570
1570
1570
1570
1571
1571
1571
1572
1572
1572
1573
1573
1573
1574
1574
1575
1575
1576
1576
1577
1577
1577
1578
1578
1579
1579
1579
1580
1580
1580
1581
1584
1584
1584
1584
1585
1585
1586
1586
1587
1587
1587
1589
1590
1591
1591
1591
1592
1592
1593
1593
1593
1594
1594
1594
1595
1598
1598
1598
1599
1599
1600
1600
1600
1601
1601
1601
1602
1605
1605
1605
1606
1606
1607
1607
1608
1608
1612
1612
1612
1613
1613
1614
1614
1615
1615
1619
1619
1619
1620
1620
1621
1621
1622
1622
1626
1626
1627
1627
1628
1628
1628
1629
1630
1631
1632
1632
1632
1633
1633
1633
1633
1633
1633
1633
1634
1634
1634
1635
1635
1635
1635
1636
1636
1637
1637
1637
1638
1639
1639
1640
1640
1641
1642
1642
1643
1644
1646
1647
1649
1649
1649
1649
1649
1649
1649
1649
1650
1650
1650
1650
1651
1651
1651
1652
1652
1652
1653
1653
1653
1653
1653
1653
1653
1654
1654
1654
1654
1654
1654
1654
1655
1655
1656
1657
1658
1659
1659
1660
1660
1660
1661
1661
1662
1662
1663
1664
1664
1664
1665
1665
1666
1666
1667
1667
1668
1669
1669
1669
1670
1670
1670
1671
1672
1673
1673
1673
1673
1674
1674
1674
1674
1675
1675
1675
1675
1675
1675
1676
1676
1676
1676
1676
1677
1677
1678
1679
1679
1679
1680
1680
1681
1681
1681
1682
1682
1682
1683
1686
1686
1686
1686
1686
1686
1687
1687
1687
1687
1688
1688
1688
1688
1688
1688
1689
1689
1689
1689
1689
1690
1690
1690
1691
1691
1691
1691
1692
1692
1692
1693
1693
1693
1694
1694
1694
1695
1695
1695
1696
1696
1696
1697
1697
1697
1697
1698
1698
1698
1698
1698
1698
1699
1699
1699
1700
1700
1701
1701
1701
1701
1702
1702
1703
1703
1703
1704
1704
1704
1704
1704
1705
1705
1706
1706
1707
1707
1708
1708
1708
1709
1709
1710
1710
1710
1711
1711
1711
1711
1712
1713
1713
1714
1714
1714
1714
1715
1715
1715
1715
1716
1716
1716
1716
1716
1717
1717
1717
1717
1717
1717
1718
1718
1718
1718
1719
1719
1719
1720
1720
1721
1721
1721
1722
1722
1722
1722
1722
1723
1723
1723
1724
1724
1725
1725
1726
1727
1727
1727
1727
1727
1727
1728
1728
1728
1728
1729
1729
1729
1729
1730
1730
1730
1731
1731
1731
1731
1731
1732
1732
1733
1733
1734
1734
1734
1734
1734
1734
1735
1735
1735
1735
1735
1735
1735
1735
1735
1736
1736
1736
1736
1736
1737
1737
1737
1737
1737
1737
1738
1738
1738
1738
1738
1738
1739
1739
1739
1739
1739
1740
1740
1740
1740
1741
1741
1741
1741
1741
1742
1742
1742
1742
1743
1743
1743
1743
1744
1744
1745
1746
1747
1747
1747
1748
1748
1748
1749
1749
1749
1749
1750
1750
1750
1752
1753
1754
1754
1754
1754
1754
1755
1755
1755
1755
1755
1755
1755
1756
1756
1756
1757
1757
1757
1757
1757
1758
1758
1758
1758
1759
1759
1759
1759
1760
1760
1760
1760
1760
1761
1761
1761
1761
1761
1762
1762
1762
1763
1763
1763
1763
1764
1764
1764
1765
1765
1766
1767
1767
1767
1767
1768
1768
1768
1769
1769
1769
1770
1770
1771
1772
1772
1774
1774
1774
1774
1774
1775
1775
1775
1775
1776
1776
1776
1776
1777
1777
1777
1778
1778
1779
1779
1779
1780
1781
1781
1781
1781
1782
1782
1782
1783
1783
1783
1785
1786
1787
1787
1787
1788
1788
1788
1789
1789
1790
1790
1791
1791
1794
1794
1794
1794
1794
1794
1795
1795
1795
1795
1795
1795
1795
1795
1795
1795
1796
1796
1796
1796
1797
1797
1797
1797
1797
1797
1798
1798
1798
1798
1798
1799
1799
1799
1799
1800
1800
1800
1800
1800
1801
1801
1801
1801
1802
1802
1802
1803
1803
1803
1803
1803
1805
1805
1805
1806
1806
1807
1807
1807
1807
1807
1808
1808
1809
1809
1809
1809
1810
1810
1810
1810
1811
1812
1813
1813
1813
1814
1814
1814
1814
1814
1814
1815
1815
1815
1815
1816
1816
1816
1816
1817
1818
1818
1818
1819
1819
1819
1819
1820
1820
1820
1820
1820
1820
1821
1821
1821
1822
1822
1822
1822
1822
1823
1823
1823
1823
1824
1824
1825
1825
1825
1825
1826
1827
1827
1827
1828
1829
1829
1829
1829
1829
1829
1830
1830
1830
1831
1831
1831
1832
1832
1832
1833
1833
1834
1834
1835
1835
1836
1836
1836
1836
1836
1837
1837
1837
1838
1838
1839
1839
1840
1840
1841
1841
1842
1843
1843
1843
1844
1844
1844
1845
1846
1847
1847
1847
1847
1847
1847
1847
1848
1848
1848
1848
1848
1849
1849
1849
1849
1849
1849
1850
1850
1850
1851
1851
1851
1851
1852
1852
1852
1852
1852
1852
1852
1852
1852
1852
1852
1853
1853
1853
1853
1853
1853
1854
1854
1854
1854
1854
1854
1855
1855
1855
1855
1855
1855
1855
1855
1855
1855
1855
1856
1856
1856
1856
1857
1857
1857
1857
1857
1858
1858
1858
1858
1859
1859
1859
1859
1860
1860
1860
1860
1861
1861
1862
1862
1863
1863
1863
1863
1864
1864
1864
1864
1865
1865
1865
1865
1866
1866
1866
1866
1867
1867
1867
1868
1868
1869
1869
1870
1870
1870
1870
1870
1870
1871
1871
1871
1871
1872
1872
1872
1872
1872
1873
1873
1873
1873
1873
1874
1874
1874
1874
1874
1874
1874
1874
1874
1875
1875
1875
1875
1876
1876
1876
1876
1877
1877
1877
1877
1877
1878
1878
1878
1879
1879
1879
1880
1880
1881
1881
1883
1883
1883
1883
1884
1884
1884
1884
1885
1885
1885
1886
1886
1886
1886
1887
1887
1888
1889
1890
1890
1890
1890
1890
1891
1891
1891
1891
1892
1892
1892
1892
1893
1893
1894
1894
1894
1895
1896
1897
1897
1897
1897
1897
1898
1898
1898
1898
1899
1899
1899
1899
1899
1899
1900
1900
1900
1900
1900
1900
1901
1901
1901
1901
1901
1902
1902
1902
1902
1903
1903
1903
1903
1904
1904
1904
1905
1905
1905
1906
1906
1907
1907
1907
1907
1908
1908
1908
1909
1909
1909
1910
1910
1910
1911
1912
1913
1914
1914
1914
1914
1915
1915
1915
1916
1916
1917
1917
1917
1918
1918
1918
1918
1919
1920
1921
1921
1921
1921
1922
1922
1922
1923
1924
1924
1924
1924
1925
1925
1926
1927
1928
1928
1928
1928
1928
1928
1928
1928
1928
1928
1929
1929
1929
1929
1929
1929
1929
1929
1930
1930
1930
1931
1931
1932
1932
1932
1933
1933
1933
1934
1934
1935
1936
1937
1937
1938
1938
1939
1942
1942
1942
1943
1943
1943
1944
1945
1946
1946
1947
1947
1950
1950
1950
1950
1950
1951
1951
1951
1951
1952
1952
1952
1952
1952
1952
1953
1953
1953
1953
1953
1953
1954
1954
1954
1954
1955
1955
1955
1955
1956
1956
1956
1957
1957
1958
1958
1958
1959
1959
1959
1962
1963
1963
1963
1963
1964
1964
1964
1965
1965
1965
1966
1966
1967
1967
1967
1967
1968
1968
1968
1968
1968
1969
1969
1969
1969
1969
1970
1970
1970
1970
1971
1971
1972
1972
1972
1973
1973
1973
1974
1976
1976
1976
1977
1977
1977
1977
1977
1977
1978
1978
1978
1979
1979
1979
1980
1980
1981
1981
1982
1982
1983
1984
1984
1984
1984
1984
1985
1985
1985
1985
1986
1986
1986
1987
1987
1988
1988
1988
1989
1989
1990
1990
1990
1990
1991
1991
1991
1992
1992
1993
1994
1994
1995
1996
1996
1996
1996
1997
1997
1997
1998
1998
1999
1999
2000
2000
2001
2001
2001
2002
2002
2003
2003
2004
2005
2006
2006
2006
2006
2007
2007
2007
2008
2008
2009
2009
2009
2010
2010
2011
2011
2011
2011
2012
2012
2013
2013
2014
2014
2015
2016
2017
2017
2017
2017
2017
2018
2018
2018
2018
2019
2019
2019
2020
2020
2021
2021
2021
2021
2021
2022
2022
2022
2023
2023
2024
2024
2025
2025
2025
2025
2026
2026
2026
2027
2027
2028
2028
2028
2028
2029
2029
2030
2030
2030
2031
2032
2032
2032
2033
2034
2034
2034
2034
2034
2035
2035
2035
2036
2036
2036
2036
2037
2037
2038
2038
2039
2039
2039
2040
2041
2042
2043
2043
2043
2043
2043
2044
2044
2044
2044
2044
2045
2045
2045
2045
2046
2046
2046
2047
2048
2048
2048
2048
2049
2049
2049
2049
2050
2050
2050
2050
2051
2052
2052
2052
2053
2053
2053
2053
2054
2054
2054
2054
2055
2055
2055
2055
2056
2056
2056
2056
2056
2056
2057
2057
2057
2057
2057
2057
2058
2058
2058
2058
2058
2058
2059
2059
2059
2059
2059
2060
2060
2060
2060
2061
2061
2061
2062
2062
2062
2062
2062
2063
2063
2065
2065
2066
2066
2067
2067
2067
2068
2069
2069
2069
2070
2070
2070
2070
2071
2071
2071
2071
2072
2072
2072
2072
2073
2074
2075
2076
2076
2076
2076
2076
2077
2077
2077
2078
2078
2078
2079
2079
2079
2080
2080
2080
2080
2081
2081
2081
2083
2084
2085
2085
2085
2085
2085
2085
2086
2086
2086
2086
2087
2087
2087
2087
2087
2087
2088
2088
2088
2088
2089
2089
2089
2089
2090
2090
2090
2090
2090
2091
2091
2091
2091
2092
2092
2092
2093
2093
2093
2094
2094
2094
2094
2096
2096
2097
2097
2098
2098
2098
2098
2098
2099
2099
2099
2099
2099
2100
2100
2100
2100
2101
2101
2102
2102
2102
2102
2103
2104
2105
2105
2105
2106
2106
2106
2106
2107
2107
2107
2108
2108
2108
2109
2109
2109
2109
2110
2110
2110
2110
2111
2111
2111
2111
2111
2111
2112
2112
2112
2112
2113
2113
2113
2113
2113
2114
2114
2114
2114
2115
2115
2115
2116
2116
2116
2117
2117
2117
2119
2119
2120
2120
2120
2121
2121
2121
2122
2122
2123
2123
2123
2123
2124
2124
2124
2124
2124
2125
2125
2125
2125
2125
2126
2126
2126
2126
2127
2127
2127
2127
2128
2128
2128
2129
2129
2129
2130
2130
2131
2131
2131
2131
2132
2132
2132
2132
2133
2133
2133
2134
2134
2134
2135
2135
2135
2136
2136
2137
2137
2137
2137
2137
2138
2138
2138
2139
2139
2139
2139
2140
2140
2140
2141
2141
2142
2142
2143
2143
2144
2145
2145
2145
2145
2146
2146
2146
2146
2147
2147
2148
2148
2149
2149
2149
2149
2150
2150
2150
2151
2151
2151
2152
2152
2153
2153
2153
2154
2154
2154
2155
2156
2157
2157
2157
2157
2157
2157
2158
2158
2158
2158
2158
2159
2159
2159
2159
2160
2160
2160
2160
2160
2161
2161
2161
2162
2162
2162
2163
2163
2165
2165
2166
2166
2166
2166
2166
2167
2167
2167
2167
2168
2168
2168
2168
2169
2169
2169
2169
2169
2170
2170
2170
2170
2170
2171
2171
2171
2171
2172
2172
2172
2172
2172
2173
2173
2173
2174
2175
2175
2176
2176
2176
2177
2177
2177
2178
2178
2178
2179
2179
2179
2180
2180
2183
2184
2184
2184
2184
2185
2185
2185
2185
2186
2187
2187
2187
2188
2188
2188
2188
2189
2189
2189
2190
2190
2190
2190
2191
2191
2193
2194
2194
2195
2195
2195
2196
2196
2196
2196
2197
2198
2198
2199
2199
2199
2199
2200
2200
2200
2200
2201
2201
2202
2202
2203
2203
2203
2203
2204
2204
2205
2205
2205
2206
2206
2206
2206
2207
2207
2207
2208
2209
2210
2210
2211
2211
2213
2213
2215
2215
2215
2215
2216
2216
2216
2217
2217
2218
2218
2218
2218
2219
2219
2219
2220
2221
2221
2222
2222
2224
2225
2225
2225
2225
2225
2225
2226
2226
2226
2226
2227
2227
2227
2227
2228
2228
2229
2229
2229
2230
2230
2230
2230
2230
2231
2231
2231
2232
2232
2233
2233
2234
2234
2234
2234
2234
2235
2236
2236
2236
2236
2237
2237
2238
2239
2239
2241
2241
2241
2242
2242
2243
2243
2243
2244
2245
2246
2246
2247
2247
2248
2248
2249
2250
2251
2251
2251
2251
2252
2252
2252
2252
2253
2254
2254
2254
2255
2255
2255
2255
2256
2256
2256
2256
2257
2257
2258
2258
2259
2259
2259
2259
2260
2260
2260
2261
2261
2261
2262
2262
2263
2263
2263
2264
2264
2265
2265
2265
2266
2266
2267
2267
2267
2268
2268
2268
2269
2269
2270
2271
2271
2271
2272
2273
2273
2274
2275
2275
2276
2277
2279
2279
2279
2279
2279
2280
2280
2280
2280
2281
2281
2281
2281
2282
2282
2282
2282
2283
2283
2284
2284
2284
2285
2286
2286
2288
2288
2288
2289
2289
2289
2289
2289
2290
2290
2290
2291
2291
2291
2292
2292
2293
2293
2294
2295
2296
2296
2296
2297
2297
2298
2300
2300
2300
2300
2301
2301
2301
2302
2302
2302
2302
2303
2303
2303
2303
2304
2304
2304
2305
2305
2305
2306
2306
2306
2307
2308
2309
2310
2310
2310
2311
2311
2312
2312
2313
2313
2317
2317
2318
2319
2321
2321
2321
2321
2322
2322
2322
2323
2323
2323
2324
2324
2325
2325
2325
2326
2327
2328
2328
2329
2329
2330
2331
2331
2334
2334
2334
2334
2334
2334
2335
2335
2335
2335
2335
2335
2335
2335
2336
2336
2336
2336
2336
2337
2337
2337
2337
2337
2337
2337
2337
2337
2337
2337
2337
2337
2338
2338
2338
2338
2338
2339
2339
2339
2339
2339
2340
2340
2340
2340
2340
2340
2340
2340
2340
2340
2340
2340
2340
2341
2341
2341
2341
2342
2342
2342
2343
2343
2343
2343
2343
2343
2344
2344
2344
2344
2345
2345
2345
2345
2345
2345
2345
2345
2345
2345
2346
2346
2346
2346
2346
2347
2347
2347
2347
2347
2347
2347
2347
2347
2347
2348
2348
2348
2349
2349
2349
2349
2349
2350
2350
2350
2350
2351
2351
2351
2351
2352
2352
2352
2352
2353
2353
2353
2354
2354
2354
2355
2355
2356
2356
2358
2358
2358
2358
2358
2358
2359
2359
2359
2359
2359
2360
2360
2360
2361
2361
2361
2361
2362
2362
2362
2363
2363
2363
2364
2364
2365
2365
2365
2365
2366
2366
2366
2367
2367
2368
2368
2368
2369
2370
2371
2372
2372
2372
2372
2372
2373
2373
2373
2373
2373
2374
2374
2374
2374
2375
2375
2375
2375
2375
2376
2376
2377
2377
2377
2378
2378
2379
2379
2379
2379
2380
2380
2381
2381
2381
2382
2382
2382
2382
2383
2385
2385
2386
2386
2386
2387
2387
2387
2388
2388
2388
2388
2389
2389
2389
2390
2392
2393
2393
2393
2393
2393
2394
2394
2394
2394
2395
2395
2395
2396
2396
2396
2397
2397
2397
2397
2398
2398
2398
2399
2399
2400
2400
2400
2401
2402
2403
2404
2404
2404
2404
2404
2405
2405
2405
2406
2406
2406
2406
2406
2407
2407
2407
2407
2408
2408
2409
2410
2410
2410
2411
2411
2411
2411
2411
2412
2412
2412
2412
2412
2413
2413
2414
2414
2414
2414
2415
2415
2415
2416
2416
2416
2416
2416
2417
2417
2418
2418
2419
2419
2419
2420
2420
2421
2421
2421
2422
2422
2422
2425
2426
2426
2426
2426
2427
2427
2427
2427
2428
2428
2428
2429
2429
2429
2430
2430
2430
2431
2431
2431
2431
2432
2432
2432
2432
2433
2433
2433
2434
2436
2436
2437
2437
2437
2438
2438
2438
2439
2439
2440
2440
2440
2442
2444
2444
2444
2444
2444
2445
2445
2445
2445
2445
2445
2446
2446
2446
2446
2446
2446
2446
2446
2446
2447
2447
2447
2447
2448
2448
2448
2449
2449
2449
2450
2450
2450
2451
2452
2453
2454
2454
2454
2454
2454
2454
2455
2455
2455
2455
2456
2457
2457
2458
2458
2459
2460
2462
2462
2463
2465
2465
2465
2465
2465
2466
2466
2466
2466
2467
2467
2467
2467
2467
2468
2468
2469
2469
2469
2470
2470
2470
2470
2471
2471
2472
2472
2472
2472
2473
2473
2474
2474
2474
2474
2474
2475
2475
2475
2475
2475
2475
2475
2475
2475
2475
2475
2476
2476
2476
2477
2477
2477
2477
2477
2478
2478
2478
2478
2478
2478
2479
2479
2479
2479
2479
2479
2479
2479
2479
2480
2480
2480
2480
2481
2481
2481
2481
2482
2482
2482
2482
2483
2483
2483
2483
2483
2484
2484
2485
2485
2485
2486
2486
2486
2486
2487
2487
2488
2488
2488
2489
2489
2489
2489
2489
2490
2490
2490
2491
2491
2491
2492
2492
2492
2492
2493
2493
2494
2495
2495
2496
2496
2497
2497
2498
2498
2499
2499
2499
2499
2499
2500
2500
2500
2500
2500
2501
2501
2501
2501
2501
2501
2502
2502
2502
2502
2503
2503
2503
2503
2503
2504
2504
2504
2504
2504
2505
2505
2505
2506
2506
2506
2506
2507
2507
2508
2508
2508
2509
2510
2510
2510
2510
2511
2511
2512
2512
2513
2513
2513
2515
2516
2517
2517
2517
2517
2517
2518
2518
2518
2519
2519
2519
2519
2519
2520
2520
2520
2520
2521
2521
2521
2522
2522
2523
2524
2524
2524
2525
2525
2525
2525
2526
2526
2526
2526
2527
2527
2527
2527
2528
2529
2530
2531
2531
2531
2532
2532
2532
2533
2533
2534
2534
2534
2535
2538
2538
2538
2538
2538
2538
2539
2539
2539
2539
2540
2540
2540
2541
2541
2541
2542
2542
2543
2543
2544
2545
2545
2545
2545
2545
2545
2546
2546
2546
2546
2547
2547
2547
2547
2548
2548
2548
2549
2549
2550
2550
2550
2551
2551
2552
2552
2552
2552
2553
2553
2553
2554
2554
2554
2554
2555
2555
2555
2556
2558
2558
2559
2559
2559
2560
2561
2561
2563
2564
2564
2564
2565
2566
2566
2566
2567
2568
2568
2568
2569
2569
2570
2571
2571
2572
2572
2573
2573
2574
2574
2575
2576
2577
2577
2577
2577
2577
2578
2578
2578
2578
2579
2579
2579
2580
2580
2581
2581
2582
2582
2583
2583
2583
2583
2583
2584
2584
2584
2584
2585
2585
2585
2585
2585
2586
2586
2586
2586
2587
2587
2588
2588
2589
2589
2589
2589
2590
2590
2590
2590
2591
2591
2592
2592
2593
2593
2593
2594
2595
2595
2595
2596
2596
2596
2597
2598
2599
2599
2600
2600
2601
2602
2602
2602
2602
2602
2603
2603
2603
2603
2603
2604
2604
2604
2605
2605
2605
2606
2606
2606
2607
2607
2607
2607
2608
2608
2608
2609
2611
2612
2612
2613
2614
2614
2614
2616
2617
2617
2617
2618
2618
2618
2618
2619
2619
2619
2619
2619
2620
2620
2620
2620
2621
2621
2621
2621
2622
2622
2623
2623
2623
2625
2625
2625
2625
2626
2626
2626
2627
2627
2627
2627
2628
2628
2629
2629
2630
2632
2632
2632
2633
2633
2633
2634
2634
2634
2635
2635
2635
2637
2639
2639
2639
2640
2640
2641
2641
2642
2644
2644
2644
2645
2645
2646
2648
2649
2649
2650
2652
2652
2653
2653
2653
2654
2654
2655
2657
2658
2661
2661
2661
2661
2661
2662
2662
2662
2663
2663
2663
2664
2664
2664
2665
2665
2666
2666
2666
2667
2667
2669
2669
2669
2669
2669
2670
2670
2670
2670
2671
2671
2671
2671
2672
2672
2672
2673
2673
2673
2673
2674
2674
2674
2675
2675
2675
2675
2676
2676
2676
2677
2677
2677
2678
2678
2679
2679
2679
2680
2680
2681
2681
2682
2683
2683
2683
2684
2684
2685
2685
2686
2687
2687
2687
2687
2688
2688
2688
2688
2689
2689
2689
2690
2690
2690
2691
2691
2691
2691
2691
2692
2692
2692
2693
2693
2693
2693
2693
2694
2694
2694
2695
2695
2696
2696
2697
2697
2697
2698
2698
2699
2699
2699
2700
2700
2701
2702
2702
2702
2703
2703
2704
2705
2705
2705
2705
2705
2705
2705
2705
2706
2706
2706
2706
2706
2707
2707
2707
2707
2707
2707
2707
2707
2707
2707
2707
2707
2707
2707
2708
2708
2708
2708
2709
2709
2709
2709
2710
2710
2710
2710
2711
2711
2711
2711
2711
2712
2712
2712
2712
2713
2713
2713
2714
2714
2714
2715
2715
2715
2715
2715
2715
2716
2716
2716
2716
2716
2716
2717
2717
2717
2717
2717
2717
2717
2717
2717
2717
2717
2717
2717
2718
2718
2718
2718
2719
2719
2719
2719
2719
2719
2720
2720
2720
2720
2720
2721
2721
2721
2721
2721
2721
2721
2722
2722
2722
2722
2723
2723
2723
2723
2723
2724
2724
2724
2724
2724
2725
2725
2725
2725
2725
2725
2725
2725
2726
2726
2726
2727
2727
2727
2728
2728
2728
2728
2728
2729
2729
2729
2730
2730
2731
2731
2731
2732
2732
2732
2732
2732
2732
2733
2733
2733
2733
2733
2734
2734
2734
2734
2735
2735
2735
2736
2736
2736
2736
2737
2737
2738
2738
2739
2739
2740
2740
2740
2740
2740
2741
2741
2741
2741
2741
2742
2742
2742
2742
2742
2743
2743
2743
2743
2744
2744
2745
2745
2746
2746
2746
2746
2747
2747
2747
2747
2748
2748
2748
2749
2750
2750
2751
2751
2751
2751
2751
2752
2752
2752
2752
2753
2753
2753
2754
2754
2754
2755
2755
2756
2756
2757
2758
2758
2758
2758
2758
2759
2759
2759
2760
2760
2760
2761
2761
2761
2762
2762
2763
2764
2764
2765
2765
2765
2765
2765
2766
2766
2766
2766
2767
2767
2768
2768
2768
2769
2769
2770
2770
2771
2772
2772
2772
2772
2773
2773
2773
2773
2774
2774
2774
2775
2775
2775
2775
2776
2776
2776
2776
2777
2777
2778
2778
2779
2779
2779
2779
2780
2780
2780
2781
2781
2782
2782
2782
2783
2783
2785
2786
2786
2786
2787
2787
2787
2788
2788
2789
2789
2790
2790
2793
2793
2793
2793
2793
2794
2794
2794
2795
2795
2795
2795
2796
2796
2796
2796
2796
2797
2797
2798
2798
2798
2799
2799
2799
2799
2800
2800
2801
2801
2801
2802
2802
2802
2802
2803
2804
2804
2805
2805
2805
2805
2806
2806
2806
2807
2807
2807
2807
2808
2808
2808
2808
2809
2809
2809
2810
2810
2810
2810
2811
2811
2811
2812
2812
2812
2813
2813
2814
2815
2815
2815
2815
2816
2816
2816
2817
2818
2818
2819
2819
2819
2820
2820
2821
2822
2822
2822
2822
2823
2823
2823
2824
2825
2825
2826
2826
2827
2827
2828
2829
2829
2829
2830
2830
2830
2831
2832
2833
2833
2833
2834
2834
2834
2834
2835
2835
2835
2835
2836
2836
2836
2837
2839
2839
2840
2840
2840
2841
2841
2841
2842
2842
2843
2843
2843
2845
2847
2847
2847
2847
2847
2848
2848
2848
2848
2849
2849
2849
2849
2850
2850
2850
2851
2851
2851
2851
2851
2852
2852
2852
2852
2852
2852
2852
2852
2853
2853
2853
2854
2854
2854
2854
2855
2855
2855
2855
2856
2856
2856
2856
2857
2857
2857
2858
2858
2858
2858
2859
2859
2859
2860
2861
2861
2862
2863
2863
2863
2864
2864
2864
2865
2865
2866
2866
2866
2867
2867
2868
2868
2869
2869
2873
2873
2873
2873
2874
2874
2875
2875
2875
2876
2876
2877
2879
2880
2880
2880
2881
2881
2881
2882
2882
2883
2883
2883
2884
2887
2887
2887
2887
2887
2887
2888
2888
2888
2888
2889
2889
2889
2889
2889
2890
2890
2890
2890
2890
2891
2891
2891
2891
2892
2892
2892
2892
2893
2893
2893
2893
2894
2894
2894
2894
2895
2895
2896
2896
2896
2896
2897
2897
2897
2897
2898
2898
2898
2898
2899
2899
2899
2900
2900
2900
2900
2901
2901
2901
2901
2902
2902
2903
2904
2904
2904
2905
2905
2905
2906
2906
2907
2907
2907
2907
2908
2908
2909
2909
2909
2910
2910
2910
2911
2911
2911
2912
2912
2912
2912
2912
2913
2913
2913
2913
2914
2914
2915
2915
2915
2916
2916
2916
2917
2917
2917
2918
2918
2918
2919
2919
2919
2920
2920
2920
2920
2920
2921
2921
2922
2922
2923
2923
2924
2925
2925
2926
2927
2927
2927
2927
2927
2928
2928
2928
2929
2929
2929
2929
2930
2930
2930
2930
2930
2931
2931
2931
2931
2932
2932
2932
2933
2933
2934
2935
2935
2936
2936
2936
2937
2937
2938
2938
2938
2938
2939
2939
2939
2939
2940
2940
2940
2941
2941
2942
2942
2942
2942
2943
2943
2943
2943
2944
2944
2944
2945
2945
2945
2946
2946
2948
2949
2949
2949
2949
2950
2950
2951
2951
2951
2952
2952
2954
2955
2956
2956
2956
2957
2957
2957
2958
2958
2959
2959
2960
2960
2963
2963
2964
2965
2965
2967
2968
2969
2971
2971
2971
2971
2971
2971
2971
2971
2971
2972
2972
2972
2973
2973
2973
2973
2974
2974
2975
2975
2976
2976
2976
2978
2979
2980
2980
2980
2981
2981
2981
2983
2983
2984
2984
2984
2984
2985
2985
2986
2987
2988
2988
2988
2989
2989
2989
2989
2990
2991
2991
2991
2992
2993
2993
2994
2994
2996
2996
2997
2997
2998
2998
2998
2998
2999
2999
2999
2999
2999
2999
3000
3000
3000
3001
3002
3002
3003
3003
3003
3003
3004
3004
3004
3005
3005
3005
3006
3007
3008
3008
3010
3010
3010
3011
3012
3012
3012
3012
3013
3013
3013
3013
3014
3014
3014
3015
3015
3015
3016
3016
3016
3016
3017
3017
3018
3018
3019
3020
3021
3021
3021
3021
3021
3022
3022
3022
3022
3023
3023
3024
3024
3024
3025
3025
3026
3027
3027
3028
3030
3030
3033
3033
3034
3036
3036
3037
3037
3038
3038
3039
3041
3041
3043
3043
3043
3045
3045
3046
3047
3048
3050
3050
3050
3050
3050
3050
3050
3050
3050
3050
3050
3050
3050
3051
3051
3051
3052
3052
3052
3052
3052
3052
3052
3052
3053
3053
3053
3054
3054
3054
3055
3055
3055
3056
3056
3056
3057
3057
3057
3057
3057
3057
3057
3057
3058
3058
3058
3058
3058
3059
3059
3059
3060
3060
3061
3061
3061
3062
3062
3064
3065
3065
3066
3066
3066
3069
3069
3070
3070
3071
3072
3072
3073
3074
3074
3074
3074
3075
3075
3075
3076
3076
3077
3077
3078
3079
3081
3081
3082
3082
3083
3084
3084
3084
3085
3085
3085
3086
3087
3088
3088
3089
3089
3090
3091
3091
3092
3093
3095
3096
3099
3099
3099
3100
3100
3100
3100
3100
3100
3101
3101
3101
3101
3101
3101
3102
3103
3103
3103
3103
3104
3104
3104
3105
3105
3106
3106
3108
3109
3110
3110
3110
3110
3110
3111
3111
3111
3111
3111
3111
3112
3112
3112
3112
3112
3112
3112
3112
3113
3113
3113
3113
3113
3113
3113
3113
3113
3113
3114
3114
3114
3114
3114
3115
3115
3115
3115
3116
3116
3116
3116
3116
3116
3116
3117
3117
3117
3117
3118
3118
3118
3118
3119
3119
3119
3119
3119
3119
3119
3120
3120
3120
3120
3121
3121
3121
3122
3122
3122
3122
3122
3122
3123
3123
3123
3123
3123
3124
3124
3124
3124
3124
3125
3125
3125
3125
3125
3125
3126
3126
3126
3126
3126
3127
3127
3128
3128
3128
3128
3129
3129
3129
3129
3130
3130
3130
3131
3131
3131
3131
3131
3131
3131
3131
3132
3132
3132
3132
3133
3133
3133
3133
3134
3134
3134
3134
3134
3135
3135
3135
3135
3135
3136
3136
3136
3137
3137
3137
3138
3138
3138
3139
3139
3140
3140
3141
3142
3142
3143
3144
3144
3144
3144
3145
3145
3145
3146
3146
3147
3147
3148
3148
3148
3149
3150
3151
3152
3154
3154
3154
3154
3155
3155
3155
3156
3156
3156
3157
3157
3157
3158
3159
3160
3161
3161
3161
3161
3162
3162
3163
3163
3164
3164
3164
3166
3167
3168
3168
3168
3169
3169
3169
3170
3170
3171
3171
3172
3172
3175
3175
3176
3176
3177
3178
3178
3179
3179
3182
3182
3182
3183
3183
3184
3185
3185
3186
3187
3187
3188
3189
3189
3189
3189
3190
3190
3190
3190
3190
3190
3190
3190
3190
3191
3191
3191
3191
3191
3192
3192
3192
3192
3192
3193
3193
3193
3193
3193
3193
3193
3193
3194
3194
3194
3194
3194
3194
3194
3194
3195
3195
3195
3195
3196
3196
3196
3196
3196
3196
3197
3197
3197
3197
3197
3198
3198
3198
3199
3199
3199
3200
3200
3200
3201
3201
3201
3201
3201
3202
3202
3202
3202
3203
3203
3203
3204
3204
3205
3206
3206
3206
3206
3207
3207
3207
3208
3208
3208
3209
3209
3209
3210
3211
3212
3213
3213
3213
3213
3214
3214
3214
3215
3215
3215
3215
3216
3216
3216
3216
3217
3217
3218
3219
3220
3220
3221
3221
3221
3222
3224
3224
3224
3225
3225
3226
3226
3226
3227
3227
3227
3228
3231
3231
3231
3232
3232
3233
3233
3234
3234
3238
3238
3238
3238
3238
3238
3238
3238
3238
3239
3239
3239
3239
3240
3240
3240
3241
3241
3241
3241
3241
3241
3242
3242
3242
3242
3242
3242
3242
3243
3243
3243
3243
3244
3244
3244
3244
3244
3244
3244
3245
3245
3245
3245
3246
3246
3246
3247
3247
3247
3247
3247
3248
3248
3248
3248
3248
3249
3249
3249
3250
3250
3250
3251
3251
3252
3252
3253
3253
3256
3256
3257
3257
3257
3257
3258
3258
3259
3259
3259
3260
3261
3263
3263
3263
3263
3264
3264
3264
3265
3265
3265
3266
3266
3266
3267
3268
3269
3270
3270
3270
3271
3271
3272
3272
3273
3273
3277
3277
3277
3277
3277
3277
3277
3277
3277
3278
3278
3278
3278
3278
3279
3279
3279
3279
3280
3280
3280
3280
3280
3281
3281
3281
3281
3281
3281
3282
3282
3282
3283
3283
3283
3283
3283
3283
3284
3284
3284
3284
3285
3285
3285
3285
3285
3286
3286
3286
3286
3286
3286
3287
3287
3287
3287
3287
3288
3288
3288
3288
3288
3288
3288
3288
3288
3288
3289
3289
3289
3289
3290
3290
3290
3290
3291
3291
3291
3291
3291
3291
3292
3292
3292
3293
3293
3293
3293
3294
3294
3294
3294
3294
3294
3295
3295
3295
3295
3295
3296
3296
3296
3297
3297
3297
3298
3298
3299
3299
3300
3301
3303
3303
3303
3304
3304
3304
3305
3305
3306
3306
3307
3308
3310
3310
3310
3310
3311
3311
3312
3312
3313
3313
3313
3315
3316
3317
3317
3317
3318
3318
3318
3319
3319
3320
3320
3321
3321
3324
3324
3325
3325
3326
3327
3327
3327
3328
3328
3329
3329
3330
3330
3331
3331
3332
3332
3333
3333
3334
3334
3334
3334
3335
3335
3336
3336
3336
3337
3337
3338
3338
3339
3339
3340
3341
3341
3341
3342
3342
3342
3343
3344
3345
3345
3345
3345
3345
3345
3346
3346
3346
3346
3347
3347
3347
3348
3348
3349
3350
3350
3351
3351
3351
3353
3354
3354
3354
3354
3354
3355
3355
3355
3356
3356
3357
3357
3358
3358
3358
3358
3359
3359
3359
3359
3359
3360
3360
3361
3361
3362
3362
3363
3363
3364
3364
3364
3366
3367
3367
3367
3367
3368
3368
3368
3368
3369
3369
3370
3370
3371
3371
3371
3371
3371
3372
3372
3372
3373
3373
3373
3373
3373
3374
3374
3374
3375
3375
3375
3376
3376
3376
3376
3377
3377
3377
3377
3377
3378
3378
3378
3378
3378
3379
3379
3379
3380
3380
3381
3381
3381
3382
3382
3382
3383
3386
3386
3386
3386
3387
3387
3387
3388
3388
3388
3388
3388
3388
3388
3388
3388
3388
3389
3389
3389
3389
3390
3390
3390
3390
3390
3391
3391
3391
3392
3392
3392
3392
3392
3392
3392
3393
3393
3393
3393
3393
3393
3393
3394
3394
3394
3394
3394
3395
3395
3395
3395
3395
3396
3396
3397
3397
3397
3397
3397
3397
3397
3397
3397
3397
3398
3398
3398
3399
3399
3399
3400
3400
3400
3400
3400
3401
3401
3401
3401
3401
3402
3402
3402
3402
3403
3403
3403
3403
3403
3404
3404
3404
3404
3404
3404
3405
3405
3405
3406
3406
3406
3406
3406
3406
3407
3407
3407
3407
3407
3408
3408
3408
3408
3409
3409
3409
3409
3409
3409
3410
3410
3410
3410
3410
3410
3411
3411
3411
3412
3412
3412
3413
3413
3414
3414
3414
3415
3418
3418
3418
3418
3419
3419
3419
3420
3420
3421
3421
3422
3423
3425
3425
3425
3426
3426
3426
3427
3427
3428
3428
3429
3429
3432
3432
3432
3433
3433
3434
3434
3435
3435
3439
3439
3440
3440
3441
3442
3442
3443
3444
3446
3446
3447
3447
3448
3449
3449
3449
3449
3450
3450
3450
3451
3451
3452
3453
3453
3453
3454
3454
3454
3455
3455
3455
3456
3456
3457
3460
3460
3460
3460
3461
3461
3462
3462
3463
3463
3463
3465
3466
3467
3467
3467
3468
3468
3469
3469
3469
3470
3470
3470
3471
3474
3474
3474
3475
3475
3476
3477
3479
3479
3479
3480
3480
3480
3480
3481
3481
3482
3482
3483
3484
3484
3485
3485
3488
3488
3488
3488
3488
3488
3489
3489
3489
3490
3490
3490
3491
3491
3491
3492
3492
3492
3492
3492
3492
3492
3493
3493
3493
3493
3493
3493
3493
3494
3494
3495
3496
3498
3498
3499
3499
3500
3501
3501
3502
3502
3503
3504
3504
3504
3505
3505
3505
3506
3507
3508
3508
3508
3509
3509
3509
3510
3510
3510
3510
3511
3511
3511
3511
3511
3512
3512
3513
3514
3516
3516
3516
3517
3517
3518
3518
3519
3519
2
7
9
13
16
12
39
40
41
39
46
44
52
54
63
60
72
134
77
76
134
80
155
87
180
98
98
105
88
89
92
263
102
84
99
103
263
305
109
104
75
138
137
144
146
140
137
139
135
163
167
165
158
159
156
190
179
244
246
242
243
247
244
286
288
284
264
267
266
251
254
250
269
275
273
266
268
101
306
309
308
315
317
313
278
282
279
333
337
341
387
390
419
420
479
500
489
500
480
482
520
533
485
486
533
499
478
501
522
532
536
535
538
544
542
535
537
484
604
632
609
606
607
603
631
636
633
639
637
651
649
670
672
675
749
749
752
752
750
748
753
751
764
766
763
762
767
764
777
780
778
778
781
776
770
774
771
783
784
785
783
787
789
794
791
792
795
805
808
806
813
816
812
820
818
821
823
827
830
830
828
829
854
856
852
853
857
854
849
859
861
870
873
869
876
880
918
922
942
945
949
947
961
957
959
963
966
970
967
997
1006
1008
1003
1040
1039
1069
1094
1100
1095
1225
1257
1270
1256
1262
1260
1278
1283
1280
1271
1276
1274
1285
1290
1287
1292
1312
1297
1299
1296
1307
1311
1309
1316
1318
1313
1320
1325
1322
1327
1329
1337
1335
1341
1343
1339
1355
1356
1366
1369
1367
1374
1377
1373
1396
1397
1394
1402
1405
1401
1416
1418
1414
1437
1440
1435
1428
1433
1430
1461
1461
1463
1464
1467
1471
1469
1469
1472
1468
1465
1463
1475
1557
1479
1480
1476
1489
1480
1479
1498
1500
1496
1503
1507
1505
1483
1486
1484
1492
1494
1488
1505
1508
1504
1497
1501
1498
1510
1516
1519
1518
1511
1513
1518
1520
1514
1523
1526
1522
1529
1533
1530
1531
1534
1529
1522
1527
1524
1546
1548
1544
1560
1562
1558
1567
1568
1565
1571
1575
1573
1551
1555
1553
1587
1590
1585
1573
1576
1572
1563
1569
1567
1600
1603
1599
1608
1611
1606
1620
1624
1621
1578
1583
1580
1594
1597
1592
1622
1625
1620
1613
1618
1615
1599
1604
1601
1629
1626
1630
1634
1638
1636
1643
1645
1641
1651
1652
1654
1663
1665
1661
1670
1672
1668
1674
1676
1682
1685
1680
1698
1737
1755
1757
1797
1820
1847
1930
1931
1932
1932
1934
1935
1937
1937
1939
1940
1942
1942
1945
1946
1948
1855
1872
1875
1874
1878
1882
1879
1892
1896
1893
1899
1930
1931
1934
1939
1968
1935
1940
2058
2056
2087
2157
2169
2225
2234
2236
2279
2302
2321
2335
2339
2341
2342
2348
2351
2354
2355
2357
2360
2367
2394
2399
2430
2433
2434
2342
2344
2346
2341
2345
2344
2348
2350
2368
2370
2367
2371
2368
2394
2396
2382
2383
2380
2387
2391
2389
2360
2364
2361
2380
2384
2381
2400
2403
2399
2422
2424
2420
2413
2412
2426
2428
2473
2472
2473
2472
2485
2476
2479
2475
2477
2480
2476
2484
2482
2487
2497
2491
2494
2490
2496
2492
2495
2491
2565
2512
2514
2511
2520
2523
2518
2533
2536
2534
2511
2515
2513
2561
2563
2546
2551
2548
2571
2580
2578
2581
2594
2603
2619
2621
2435
2458
2463
2459
2458
2459
2460
2461
2462
2462
2464
2463
2464
2652
2652
2655
2657
2654
2656
2653
2658
2659
2660
2661
2662
2662
2664
2666
2668
2667
2727
2727
2730
2735
2760
2767
2838
2967
2969
2673
2674
2685
2687
2700
2697
2713
2713
2709
2711
2710
2781
2717
2712
2714
2718
2781
2725
2821
2721
2722
2821
2726
2761
2763
2759
2760
2764
2761
2729
2748
2750
2735
2739
2736
2780
2784
2783
2753
2757
2754
2768
2771
2767
2788
2792
2790
2783
2785
2779
2823
2824
2820
2810
2819
2825
2823
2830
2832
2828
2853
2853
2852
2851
2854
2874
2878
2876
2876
2879
2875
2882
2886
2883
2897
2910
2889
2902
2923
2926
2913
2914
2892
2929
2928
2960
2962
2958
2952
2955
2951
2967
2972
2976
2978
2975
2982
2981
2988
2990
2996
3010
3011
3019
3029
2972
2975
2705
2710
2965
2713
2967
2714
2833
2836
2837
2966
2968
2970
3059
3068
3095
3051
3055
3057
3062
3077
3080
3076
3066
3060
3065
3063
3067
3068
3096
3097
3260
3243
3244
3248
3246
3256
3262
3259
3265
3269
3266
3271
3276
3273
3309
3282
3318
3287
3283
3336
3295
3339
3308
3304
3305
3313
3316
3312
3285
3323
3321
3333
3332
3337
3342
3344
3293
3346
3351
3352
3348
3355
3356
3402
3447
3405
3401
3408
3410
3404
3454
3459
3456
3448
3452
3450
3463
3466
3461
3470
3473
3468
3476
3478
3499
3491
3493
3500
3503
3507
3505
3511
3509
3513
3515
3517
3522
3519
17
23
24
30
31
35
32
28
87
82
175
189
335
421
419
1072
1139
1200
1202
1205
1201
1207
1211
1208
1219
1222
1228
1292
1296
1298
1295
1302
1304
1309
1310
1305
1321
1324
1320
1328
1327
1331
1339
1344
1340
1346
1347
1349
1378
1354
1356
1355
1360
1363
1358
1373
1376
1372
1365
1368
1366
1380
1384
1382
1388
1391
1386
1401
1404
1400
1392
1398
1396
1409
1412
1407
1429
1432
1428
1421
1426
1423
1414
1419
1415
1445
1446
1448
1450
1734
1794
2342
2338
2340
2366
2353
2357
2354
2445
2455
2460
2656
2654
3099
3100
3105
3109
3104
3110
3118
3138
3152
3121
3112
3169
3126
3116
3130
3176
3136
3133
3155
3160
3157
3140
3143
3139
3153
3151
3147
3164
3167
3162
3124
3174
3172
3179
3181
3128
3189
3195
3197
3193
3202
3200
3204
3209
3211
3207
3227
3230
3225
3232
3237
3234
3358
3360
3365
3364
3376
3378
3382
3385
3380
3387
3386
3392
3395
3391
3420
3423
3419
3412
3416
3413
3433
3438
3435
3479
3485
3486
3481
1264
1257
1260
1261
1258
1267
1269
1265
1280
1282
1279
1286
1289
1285
1354
1356
1359
1362
1360
1372
1375
1374
1387
1390
1388
1400
1403
1402
1407
1411
1408
1422
1425
1421
1435
1439
1436
1454
1455
1451
1456
1458
1536
1476
1480
1489
1484
1485
1482
1504
1506
1503
1490
1493
1492
1537
1541
1539
1553
1554
1549
1572
1574
1571
1586
1589
1587
1579
1582
1578
1614
1617
1613
1606
1610
1607
1592
1596
1593
1652
1657
1653
1666
1671
1670
1658
1675
1674
1678
1680
1684
1681
3099
3101
3104
3108
3106
3114
3118
3121
3119
3122
3125
3169
3176
3129
3132
3146
3157
3159
3156
3163
3166
3164
3172
3173
3170
3177
3180
3179
3187
3186
3184
3189
3191
3194
3196
3195
3200
3201
3208
3210
3209
3216
3218
3214
3223
3221
3225
3229
3226
3233
3236
3232
3250
3243
3246
3247
3242
3251
3255
3253
3266
3268
3264
3272
3275
3271
3282
3301
3281
3286
3318
3328
3339
3294
3311
3315
3313
3298
3297
3302
3321
3322
3319
3330
3325
3326
3340
3343
3342
3368
3370
3374
3372
3377
3376
3380
3384
3381
3426
3387
3391
3394
3393
3402
3405
3440
3403
3406
3409
3408
3429
3430
3427
3419
3422
3421
3434
3437
3433
3456
3458
3455
3462
3465
3463
3441
3445
3443
3468
3472
3469
3496
3491
3492
3497
3505
3506
3501
3509
3510
3518
3521
3517
0
1
2
3
4
4
5
5
6
6
3345
3345
8
8
9
9
15
16
3350
3352
978
984
985
988
990
1003
1023
1001
1040
1041
1043
1045
1046
1024
1025
1028
1029
17
18
19
20
26
26
3363
3365
27
27
28
28
34
35
3359
3359
36
36
37
37
1228
1225
1229
1224
1237
1238
1240
1242
1243
1230
1231
1234
1235
1245
1247
1249
1251
1998
1999
2003
1963
1964
1686
1699
1707
1710
1712
1735
1697
1700
1703
1790
1791
1792
1705
1793
1697
1698
1699
1700
1701
1702
1707
1708
1709
1686
1687
1690
1691
1692
1698
1734
1686
1998
1946
1949
974
977
984
987
989
990
991
994
995
997
1003
1008
1005
1011
1013
1014
1017
1018
1020
1021
1024
1027
1029
1030
1041
1044
1046
1047
1057
1059
1060
1063
1064
1066
1067
1093
1094
1099
1100
1103
1105
1106
1107
1108
1126
1128
1129
1132
1133
1135
1136
1160
1161
1162
1163
1171
1173
1178
1179
1181
1183
1185
1186
1188
1193
1225
1230
1233
1235
1236
1238
1241
1243
1244
1245
1248
1250
1251
1714
1715
1718
1719
1720
1724
1725
1727
1734
1735
1756
1757
1768
1770
1771
1787
1788
1791
1792
1794
1795
1814
1840
1841
1844
1845
1852
1874
1876
1879
1880
1882
1883
1886
1887
1889
1916
1918
1919
1920
1928
1929
1929
1937
1939
1941
1943
1947
1943
1944
1944
1949
1947
1949
1950
1950
1998
1956
1959
1960
1962
1963
1964
1965
1966
1968
1972
1975
1994
2169
1980
1983
1988
1988
1989
2173
1989
1991
1992
2174
1993
1991
1992
1994
1994
1995
2180
1995
2181
1996
2007
2010
2014
2026
3058
3059
3095
2317
2320
2300
2301
2302
2304
2306
2308
2311
2313
2315
2043
2045
2046
2047
2050
2051
2055
2056
2061
2063
2064
2166
2167
2169
2171
2178
2181
2173
2174
2180
2185
2186
2199
2201
2205
2208
2261
2262
2264
2265
2267
2268
2270
2275
2321
2325
2326
2327
2328
2329
2330
2454
2455
2456
2456
2457
2457
2652
2659
2658
2659
2653
2656
3098
3095
3097
3098
3345
3345
3351
3353
3356
3357
3359
3359
3364
3366
3474
3474
3480
3480
3485
3487
3367
3378
3377
3375
3379
3380
3384
3385
3368
3496
3370
3369
3495
3367
3369
3388
3488
3375
3378
3411
3412
3415
3416
3474
3474
3474
3475
3476
3477
3477
3478
3478
3480
3480
3480
3481
3483
3484
3484
3486
3486
3488
3488
3489
3490
3490
3491
3492
3493
3494
3495
3496
3497
3498
3499
3499
3500
3501
3502
3503
3512
3513
)


// ************************************************************************* //
