0 0 -0.441635
0 1 0.202344
0 2 1.56484
0 3 2.74027
0 4 4.02462
0 5 5.27448
0 6 3.218645
0 7 3.8039
0 8 9.309524
0 9 7.855106
0 10 3.805274
0 11 1.5784925
0 12 0.1416745
0 13 -0.43915025
0 14 -0.710807
0 15 -0.748125
0 16 -0.6559655
0 17 -0.365954

1 0 -0.3095225
1 1 0.202344
1 2 1.073469
1 3 2.34846
1 4 4.44124
1 5 5.20188
1 6 3.115715
1 7 3.545824
1 8 9.69278
1 9 8.19104
1 10 4.25819333333
1 11 1.8816
1 12 0.460581
1 13 -0.434322
1 14 -0.723246333333
1 15 -0.730117
1 16 -0.6559655
1 17 -0.482888

2 0 -0.285886
2 1 0.009651
2 2 0.4715765
2 3 1.16862833333
2 4 2.54801
2 5 4.21534
2 6 5.29829
2 7 5.676635
2 8 8.298095
2 9 7.480024
2 10 4.031774
2 11 1.694325
2 12 0.39577
2 13 -0.319159333333
2 14 -0.548207333333
2 15 -0.5244915
2 16 -0.4386065
2 17 -0.3017055

3 0 -0.296395
3 1 0.009651
3 2 0.596352666667
3 3 1.32999
3 4 2.200755
3 5 3.89106666667
3 6 5.29829
3 7 5.78441666667
3 8 9.614045
3 9 7.11288333333
3 10 3.53184
3 11 1.50705
3 12 0.21993
3 13 -0.412864
3 14 -0.542515
3 15 -0.536191666667
3 16 -0.4386065
3 17 -0.253188333333

4 0 -0.3347492
4 1 -0.183902
4 2 0.14895356
4 3 0.625797
4 4 1.758886
4 5 3.72043
4 6 5.5108
4 7 5.947286
4 8 8.841446
4 9 7.357998
4 10 3.80929
4 11 1.394095
4 12 0.229292
4 13 -0.3870476
4 14 -0.5664566
4 15 -0.5240834
4 16 -0.4208415
4 17 -0.2600538

5 0 -0.4255526
5 1 -0.402108
5 2 -0.24438428
5 3 0.0557368
5 4 0.7277316
5 5 2.389806
5 6 6.023285
5 7 6.533562
5 8 7.308006
5 9 5.37684
5 10 2.638648
5 11 0.946947
5 12 0.04158484
5 13 -0.4892366
5 14 -0.6334072
5 15 -0.5831128
5 16 -0.4768725
5 17 -0.3018232

6 0 -0.4502194
6 1 -0.5550125
6 2 -0.457059666667
6 3 -0.1638494
6 4 0.594022666667
6 5 2.473775
6 6 6.046585
6 7 6.7888
6 8 7.040382
6 9 5.493545
6 10 2.56779333333
6 11 0.861766
6 12 0.0901714
6 13 -0.5475605
6 14 -0.6595805
6 15 -0.610444666667
6 16 -0.501766
6 17 -0.295840333333

7 0 -0.459005
7 1 -0.55694225
7 2 -0.50994475
7 3 -0.213822916667
7 4 0.44549825
7 5 2.08426166667
7 6 5.698395
7 7 5.92351833333
7 8 6.56032375
7 9 4.401204
7 10 2.16031
7 11 0.933804
7 12 0.00435768333333
7 13 -0.504335
7 14 -0.621263
7 15 -0.5788605
7 16 -0.48536225
7 17 -0.342477

8 0 -0.433366166667
8 1 -0.56362225
8 2 -0.477405333333
8 3 -0.120435925
8 4 0.6728746
8 5 2.322202
8 6 5.2315325
8 7 5.476554
8 8 5.531264
8 9 3.8394
8 10 2.187382
8 11 0.965432
8 12 0.12398414
8 13 -0.4129806
8 14 -0.58717375
8 15 -0.552112166667
8 16 -0.45590175
8 17 -0.2917028

9 0 -0.440692857143
9 1 -0.556604166667
9 2 -0.496598714286
9 3 -0.17049985
9 4 0.7501705
9 5 2.26230428571
9 6 4.50675
9 7 4.80162285714
9 8 4.70769
9 9 3.34081857143
9 10 1.96278
9 11 0.882519
9 12 0.140310942857
9 13 -0.377509125
9 14 -0.549655375
9 15 -0.513854571429
9 16 -0.431435
9 17 -0.268717

10 0 -0.420648285714
10 1 -0.5772765
10 2 -0.5191426
10 3 -0.167498253333
10 4 0.6585968
10 5 1.971462
10 6 3.77007
10 7 4.137526
10 8 4.02496571429
10 9 2.83143142857
10 10 1.607504
10 11 0.709445
10 12 0.01307768
10 13 -0.423902
10 14 -0.5467374
10 15 -0.508839
10 16 -0.4332265
10 17 -0.285787

11 0 -0.428998285714
11 1 -0.5667815
11 2 -0.5136908
11 3 -0.20007411
11 4 0.5684928
11 5 1.640722
11 6 2.899905
11 7 3.360792
11 8 3.42025
11 9 2.37992857143
11 10 1.2858156
11 11 0.5328145
11 12 -0.07658796
11 13 -0.434834
11 14 -0.519784
11 15 -0.4737452
11 16 -0.4079195
11 17 -0.278937

12 0 -0.383967
12 1 -0.5475985
12 2 -0.550668
12 3 -0.340831333333
12 4 0.2686004
12 5 1.33011233333
12 6 2.575095
12 7 3.06315
12 8 3.048266
12 9 2.06771
12 10 0.960689
12 11 0.3185535
12 12 -0.257145433333
12 13 -0.4951145
12 14 -0.5044855
12 15 -0.432045
12 16 -0.362617
12 17 -0.238756333333

13 0 -0.4489115
13 1 -0.5475985
13 2 -0.524374666667
13 3 -0.275353
13 4 0.475609266667
13 5 1.550355
13 6 2.575095
13 7 3.06652333333
13 8 2.886195
13 9 2.09188
13 10 1.118366
13 11 0.3185535
13 12 -0.18055265
13 13 -0.466853333333
13 14 -0.488029
13 15 -0.4205095
13 16 -0.362617
13 17 -0.276456

14 0 -0.3380568
14 1 -0.4597675
14 2 -0.4734076
14 3 -0.3467664
14 4 0.13115432
14 5 0.9223556
14 6 1.875315
14 7 2.34252
14 8 2.191104
14 9 1.4037096
14 10 0.6586588
14 11 0.0839024
14 12 -0.2795412
14 13 -0.429678
14 14 -0.4125778
14 15 -0.3455334
14 16 -0.285682
14 17 -0.1930392

15 0 -0.3186928
15 1 -0.444557
15 2 -0.461906
15 3 -0.3674288
15 4 -0.0231375436
15 5 0.5810204
15 6 1.32609
15 7 1.807818
15 8 1.668714
15 9 1.00287
15 10 0.3896732
15 11 -0.0681012
15 12 -0.3317554
15 13 -0.4384286
15 14 -0.4172276
15 15 -0.3503024
15 16 -0.280013
15 17 -0.175202

16 0 -0.5118505
16 1 -0.637506
16 2 -0.647322
16 3 -0.552743333333
16 4 -0.191018266667
16 5 0.2526961
16 6 0.70473
16 7 1.1049585
16 8 1.08573866667
16 9 0.428132
16 10 -0.0363495
16 11 -0.3393465
16 12 -0.5390385
16 13 -0.657315666667
16 14 -0.658663
16 15 -0.579239
16 16 -0.471275
16 17 -0.3117245

17 0 -0.413869
17 1 -0.637506
17 2 -0.629464
17 3 -0.514383
17 4 -0.302477
17 5 0.0318992
17 6 0.70473
17 7 1.27395
17 8 0.991633
17 9 0.57139
17 10 0.141616
17 11 -0.3393465
17 12 -0.613699
17 13 -0.679124
17 14 -0.676568
17 15 -0.622853
17 16 -0.471275
17 17 -0.216524

