/*--------------------------------*- C++ -*----------------------------------*\
| =========                 |                                                 |
| \\      /  F ield         | OpenFOAM: The Open Source CFD Toolbox           |
|  \\    /   O peration     | Version:  dev                                   |
|   \\  /    A nd           | Web:      www.OpenFOAM.org                      |
|    \\/     M anipulation  |                                                 |
\*---------------------------------------------------------------------------*/
FoamFile
{
    version     2.0;
    format      ascii;
    class       regIOobject;
    location    "constant/polyMesh";
    object      faceZones;
}
// * * * * * * * * * * * * * * * * * * * * * * * * * * * * * * * * * * * * * //

50
(
LBo10
{
    type faceZone;
faceLabels      List<label> 6(6707 6715 6719 6847 6860 6863);
flipMap         List<bool> 6{0};
}

Y0Z09
{
    type faceZone;
faceLabels      List<label> 3(9608 9610 9631);
flipMap         List<bool> 3{1};
}

Y0Z07
{
    type faceZone;
faceLabels      List<label> 6(8901 8929 8940 8954 8963 8972);
flipMap         List<bool> 6(0 0 1 0 1 0);
}

Y0Z13
{
    type faceZone;
faceLabels      List<label> 
12
(
6757
6763
6794
6816
6818
6819
6881
6890
6892
6899
6902
6904
)
;
flipMap         List<bool> 
12
(
1
1
1
1
1
1
1
0
1
0
1
1
)
;
}

Y0Z15
{
    type faceZone;
faceLabels      List<label> 3(43356 43376 43378);
flipMap         List<bool> 3{1};
}

Y2Z00
{
    type faceZone;
faceLabels      List<label> 10(33185 33223 33226 33232 33236 44040 44045 44047 44050 44226);
flipMap         List<bool> 10(1 1 1 1 0 1 1 1 1 1);
}

Y1Z10
{
    type faceZone;
faceLabels      List<label> 8(7010 7024 7069 8269 9626 9643 9658 9661);
flipMap         List<bool> 8{0};
}

LBo21
{
    type faceZone;
faceLabels      List<label> 8(19672 19694 19740 19757 19764 19771 19776 19777);
flipMap         List<bool> 8(0 0 0 0 1 1 1 1);
}

Y1Z04
{
    type faceZone;
faceLabels      List<label> 4(9255 9269 9353 9396);
flipMap         List<bool> 4(0 1 1 0);
}

Y1Z06
{
    type faceZone;
faceLabels      List<label> 4(8910 9000 9010 9052);
flipMap         List<bool> 4{0};
}

Y1Z07
{
    type faceZone;
faceLabels      List<label> 8(8913 8977 8993 9002 9026 9044 9056 9059);
flipMap         List<bool> 8(1 1 0 1 0 0 0 1);
}

Y0Z05
{
    type faceZone;
faceLabels      List<label> 6(9204 9360 9373 9381 9386 9388);
flipMap         List<bool> 6(1 0 1 0 1 1);
}

Y1Z12
{
    type faceZone;
faceLabels      List<label> 
24
(
5813
5887
6000
6009
6074
6079
6094
6104
6132
6157
6164
6169
6178
6184
6186
6195
6202
6206
7688
7699
7706
7717
7722
7727
)
;
flipMap         List<bool> 
24
(
1
0
1
1
1
1
1
1
1
1
0
1
1
0
1
0
0
1
0
1
0
1
0
1
)
;
}

Y2Z04
{
    type faceZone;
faceLabels      List<label> 
35
(
7523
7525
7529
7532
7535
7537
7610
7629
7632
7696
7710
7730
7736
7746
7752
7771
7776
7778
7782
7785
7815
7820
7824
7837
7839
7842
7861
7867
7871
7874
7926
7930
8257
8260
8293
)
;
flipMap         List<bool> 
35
(
0
0
0
0
0
0
1
1
1
1
1
1
1
0
0
0
0
1
1
1
0
1
1
0
0
0
0
0
1
0
1
1
1
1
1
)
;
}

wNE
{
    type faceZone;
faceLabels      List<label> 
2792
(
21
34
39
67
73
82
86
102
107
128
134
145
150
158
167
169
177
182
214
229
232
235
360
365
371
376
380
383
390
398
405
411
415
419
423
426
430
455
471
489
494
498
507
556
563
567
628
632
639
650
655
659
691
694
710
730
735
738
742
766
775
780
785
810
814
820
823
841
846
848
858
862
868
874
879
881
891
894
909
919
953
972
995
1009
1028
1032
1040
1053
1059
1070
1074
1078
1080
1087
1107
1115
1123
1128
1147
1156
1161
1166
1191
1199
1205
1209
1230
1235
1242
1249
1254
1260
1268
1274
1280
1281
1310
1316
1320
1321
1337
1339
1345
1349
1351
1356
1568
1645
1648
1651
1667
1671
1677
1685
1695
1747
1760
1767
1793
1803
1830
1832
1835
1847
1851
1853
1865
1869
1873
1892
1897
1902
1910
1914
1921
1936
1941
1944
1946
1999
2012
2024
2037
2063
2068
2072
2089
2094
2098
2112
2116
2119
2131
2134
2136
2162
2167
2169
2174
2187
2192
2194
2198
2209
2213
2215
2216
2228
2232
2234
2237
2316
2330
2334
2336
2347
2350
2351
2363
2372
2391
2401
2416
2425
2439
2443
2451
2458
2470
2475
2501
2513
2519
2555
2561
2566
2575
2583
2587
2596
2604
2608
2612
2633
2642
2648
2677
2688
2692
2694
2705
2713
2715
2717
2746
2750
2759
2762
2774
2783
2784
2786
2812
2817
2825
2832
2833
2837
2854
2864
2866
2872
2884
2890
2902
2908
2912
2916
2983
2987
2989
2990
3029
3056
3105
3215
3221
3230
3241
3246
3251
3266
3273
3281
3283
3311
3318
3321
3342
3347
3351
3381
3390
3392
3394
3432
3442
3448
3456
3461
3468
3491
3497
3499
3501
3504
3507
3538
3543
3553
3559
3562
3565
3590
3593
3605
3607
3612
3615
3654
3672
3675
3679
3700
3712
3726
3730
3733
3749
3751
3754
3776
3778
3789
3791
3822
3833
3849
3853
3856
3868
3872
3874
3892
3894
3904
3906
3937
3941
3943
3946
3949
3952
3954
3956
4012
4028
4049
4053
4064
4069
4084
4094
4101
4105
4123
4131
4149
4159
4165
4173
4177
4182
4186
4188
4204
4208
4209
4210
4234
4236
4286
4291
4309
4316
4319
4321
4369
4372
4376
4378
4408
4473
4480
4485
4492
4508
4530
4534
4536
4537
4558
4561
4563
4565
4600
4605
4608
4609
4621
4624
4626
4627
4629
4879
4905
4921
4945
5007
5013
5021
5064
5068
5072
5083
5088
5092
5115
5120
5123
5130
5138
5147
5148
5159
5167
5169
5171
5177
5192
5203
5206
5217
5221
5230
5237
5243
5246
5250
5268
5275
5277
5279
5282
5292
5298
5300
5303
5350
5360
5371
5378
5382
5385
5398
5401
5403
5413
5415
5417
5433
5435
5438
5439
5450
5453
5482
5485
5487
5488
5495
5496
5520
5542
5545
5549
5566
5569
5607
5615
5647
5659
6249
6263
6319
6323
6405
6409
6418
6431
6439
6443
6456
6463
6468
6472
6503
6509
6516
6523
6598
6624
6629
6635
6644
6648
10856
10861
10867
10878
10882
10898
10908
10913
10921
10968
10977
10991
10997
11015
11104
11108
11126
11136
11144
11149
11163
11198
11210
11215
11234
11240
11249
11250
11262
11264
11287
11293
11296
11302
11306
11313
11316
11320
11328
11332
11337
11412
11421
11428
11430
11444
11448
11456
11466
11475
11479
11488
11496
11500
11504
11534
11540
11546
11572
11577
11580
11605
11608
11614
11620
11629
11631
11650
11654
11657
11663
11669
11673
11675
11716
11719
11724
11727
11731
11737
11740
11745
11790
11829
11834
11847
11857
11861
11873
11877
11882
11890
11901
11904
11914
11918
11921
11928
11931
11937
11944
11947
11955
11958
11962
11967
11970
11985
12000
12009
12012
12027
12031
12034
12040
12046
12052
12062
12066
12070
12276
12296
12301
12315
12330
12352
12364
12367
12389
12414
12424
12429
12438
12470
12478
12481
12505
12508
12512
12516
12532
12537
12553
12578
12583
12591
12595
12606
12616
12624
12634
12641
12647
12664
12670
12675
12676
12686
12691
12695
12717
12721
12728
12738
12746
12751
12769
12772
12774
12793
12796
12798
12805
12814
12817
12845
12863
12869
12875
12879
12890
12898
12903
12927
12939
12949
12956
12968
12985
12989
12996
12997
13042
13046
13047
13069
13075
13079
13083
13093
13094
13100
13104
13105
13127
13134
13150
13175
13192
13194
13201
13225
13229
13236
13263
13266
13311
13316
13319
13320
13392
13395
13408
13413
13420
13424
13451
13455
13464
13467
13476
13478
13491
13506
13510
13522
13525
13529
13532
13557
13567
13572
13578
13581
13584
13606
13613
13618
13630
13662
13667
13669
13672
13691
13694
13700
13821
13826
13829
13832
13844
13849
13854
13857
13863
13869
13875
13877
13882
13887
13891
13894
13898
13901
13904
13906
13915
13929
13934
13964
13988
14020
14028
14030
14042
14045
14052
14062
14064
14069
14118
14125
14128
14158
14162
14163
14174
14197
14200
14206
14213
14222
14228
14232
14233
14238
14243
14273
14279
14293
14300
14302
14322
14328
14335
14337
14349
14354
14356
14363
14372
14373
14381
14388
14392
14396
14454
14457
14498
14502
14630
14633
14636
14639
14646
14672
14675
14679
14686
14693
14719
14724
14733
14740
14750
14754
14767
14771
14777
14806
14813
14818
14821
14827
14832
14835
14839
14846
14849
14870
14873
14876
16145
16151
16160
16162
16166
16180
16186
16190
16232
16243
16245
16248
16283
16286
16289
16291
16312
16323
16332
16337
16346
16370
16382
16398
16404
16412
16422
16425
16430
16442
16450
16457
16460
16484
16509
16519
16527
16531
16539
16551
16557
16563
16565
16589
16601
16605
16612
16623
16631
16635
16639
16661
16678
16682
16711
16714
16741
16750
16752
16760
16764
16767
16794
16818
16859
16865
16872
16900
16906
16910
16942
16954
16965
16971
16976
16979
16982
16989
16994
17002
17021
17023
17035
17040
17139
17145
17149
17153
17175
17180
17184
17188
17203
17212
17218
17224
17242
17253
17261
17267
17269
17288
17300
17302
17307
17321
17324
17329
17532
17538
17541
17551
17579
17581
17589
17593
17605
17610
17617
17619
17639
17642
17647
17656
17661
17675
17691
17699
17703
17715
17719
17727
17734
17738
17760
17763
17784
17787
17792
17795
17804
17811
17816
17823
17826
17829
17836
17842
17898
17909
17919
17922
17938
17952
17957
17961
17963
17965
17993
18004
18008
18010
18017
18021
18030
18034
18039
18047
18058
18074
18078
18089
18093
18097
18103
18105
18116
18133
18139
18143
18144
18203
18208
18211
18216
18217
18246
18258
18262
18264
18270
18273
18275
18279
18285
18287
18296
18299
18311
18317
18337
18340
18348
18350
18377
18384
18408
18411
18433
18437
18440
18447
18458
18465
18468
18470
18482
18492
18495
18502
18503
18507
18510
18512
18523
18536
18544
18548
18556
18562
18589
18593
18606
18612
18623
18628
18639
18652
18657
18662
18668
18672
18677
18690
18696
18698
18710
18712
18717
18720
18786
18807
18850
18864
18891
18895
18905
18932
18936
18939
18949
18959
18980
18987
18994
18997
19003
19007
19010
19013
19041
19044
19073
19079
19104
19114
19152
19156
19159
19162
19178
19197
19203
19217
19235
19238
19274
19279
19285
19289
19293
19297
19306
19328
19337
19342
19352
19354
19363
19369
19373
19378
19386
19393
19398
19401
19407
19411
19423
19425
19429
19436
19440
19442
19445
19449
19451
19454
19461
19465
19469
19471
19473
19503
19512
19546
19556
19560
19563
19580
19584
19593
19603
19608
19611
19620
19622
19626
19642
19646
19984
19992
19999
20008
20016
20024
20035
20037
20040
20064
20066
20077
20136
20161
20170
20186
20204
20224
20232
20249
20264
20270
20280
20286
20327
20338
20349
20357
20360
20383
20391
20394
20398
20406
20414
20423
20427
20461
20465
20468
20490
20495
20499
20522
20528
20538
20546
20565
20573
20580
20583
20598
20602
20606
20620
20624
20629
20632
20638
20645
20652
20659
20668
20671
20698
20701
20703
20705
20708
20712
20722
20728
20775
20780
20785
20787
20790
20792
20827
20832
20835
20836
20850
20851
20937
20947
21052
21104
21109
21113
21117
21125
21205
21225
21231
21240
21244
21254
21276
21310
21315
21355
21366
21372
21399
21417
21426
21446
21453
21459
21463
21473
21489
21493
21506
21510
21512
21517
21521
21536
21538
21543
21558
21560
21566
21575
21588
21592
21598
21611
21612
21621
21630
21637
21639
21659
21670
21673
21677
21704
21709
21716
21719
21723
21734
21739
21754
21760
21764
21795
21817
21819
21831
21865
21869
21884
21888
21892
21895
21906
21914
21917
21923
21928
21932
21946
21950
21954
21960
21969
21970
22194
22198
22199
22201
22267
22277
22294
22299
22305
22317
22323
22328
22342
22350
22354
22365
22370
22379
22381
22420
22441
22453
22463
22466
22470
22485
22489
22493
22515
22519
22522
22524
22542
22545
22552
22563
22609
22612
22615
22643
22682
22700
22709
22726
22733
22738
22759
22763
22783
22785
22788
22797
22806
22809
22814
22823
22825
22875
22880
22908
22919
22930
22944
22954
22989
22991
22999
23006
23009
23016
23025
23029
23037
23041
23045
23056
23061
23064
23072
23085
23089
23099
23103
23105
23116
23122
23126
23129
23131
23135
23148
23155
23159
23161
23163
23167
23177
23181
23192
23195
23199
23202
23209
23211
23259
23266
23271
23276
23284
23288
23308
23313
23322
23334
23349
23354
23358
23369
23373
23391
23398
23401
23406
23423
23426
23431
23460
23465
23487
23496
23524
23532
23540
23546
23552
23565
23569
23581
23583
23587
23595
23605
23608
23634
23640
23647
23652
23659
23662
23667
23673
23678
23685
23692
23703
23707
23714
23719
23722
23749
23754
23755
23763
23768
23779
23782
23786
23799
23804
23852
23856
23887
23891
23893
23894
23911
23920
23930
23940
23944
23951
23956
23976
23986
23994
23999
24026
24030
24037
24054
24065
24077
24081
24090
24093
24096
24100
24126
24132
24138
24156
24162
24166
24176
24187
24213
24239
24241
24263
24268
24272
24276
24281
24286
24289
24292
24296
24301
24304
24309
24322
24332
24346
24354
24369
24376
24388
24394
24423
24430
24433
24453
24455
24480
24485
24490
24517
24525
24528
24599
24614
24622
24629
24630
24641
24646
24654
24659
24663
24670
24673
24681
24703
24707
24711
24751
24754
24772
24779
24783
24786
24806
24809
24834
24839
24850
24853
24857
24869
24874
24877
24905
24910
24913
24914
24920
24923
24925
24927
24930
24931
24996
25003
25006
25008
25025
25028
25030
25031
25063
25070
25075
25079
25104
25108
25112
25119
25129
25137
25145
25158
25168
25173
25182
25187
25214
25218
25224
25227
25240
25243
25248
25250
25252
25259
25262
25263
25281
25285
25296
25300
25314
25318
25324
25334
25347
25349
25358
25360
25368
25383
25390
25401
25412
25435
25447
25457
25465
25468
25498
25503
25508
25515
25518
25521
25539
25542
25548
25554
25557
25559
25564
25577
25585
25587
25593
25599
25601
25603
25607
25611
25612
25614
25650
25653
25686
25689
25692
25696
25700
25703
25706
25707
25728
25732
25746
25757
25766
25781
25829
25837
25838
25842
25853
25855
25861
25866
25869
25870
25880
25885
25897
25905
25909
25916
25921
25927
26038
26042
26049
26063
26076
26089
26097
26102
26113
26118
26122
26129
26131
26165
26170
26175
26193
26202
26203
26219
26225
26226
26258
26265
26268
26273
26275
26277
26283
26302
26305
26310
26352
26362
26396
26401
26404
26415
26418
26420
26439
26442
26445
26447
26457
26460
26462
26464
26475
26491
26500
26509
26547
26552
26559
26567
26570
26572
26586
26589
26592
26617
26619
26620
26637
26640
26655
26661
26679
26683
26686
26696
26708
26715
26724
26731
26732
26735
26742
26746
26771
26777
26784
26786
26817
26826
26828
26832
26850
26860
26866
26868
26874
26878
26897
26903
26908
26915
26934
26937
26968
26972
26974
26979
26989
27002
27009
27011
27018
27051
27055
27059
27116
27137
27143
27155
27158
27172
27176
27180
27186
27205
27208
27218
27225
27229
27250
27253
27257
27259
27293
27299
27325
27328
27330
27358
27365
27384
27394
27406
27412
27417
27421
27425
27440
27448
27465
27500
27512
27526
27547
27556
27559
27587
27589
27602
27606
27615
27646
27649
27656
27679
27684
27687
27709
27717
27734
27747
27753
27757
27759
27780
27788
27795
27801
27804
27807
27827
27831
27837
27875
27887
27916
27925
27928
27941
27959
27962
27981
27988
27995
28002
28003
28010
28015
28017
29009
29014
29021
29027
29248
29257
29266
29276
29284
29293
29411
29415
29429
29442
29466
29476
29510
29513
29526
29528
29529
29537
29540
29547
29558
29562
29568
29578
29582
29590
29594
29597
29612
29616
29620
29626
29630
29638
29642
29650
29654
29663
29665
29666
29667
29677
29679
29687
29689
29695
29701
29707
29711
29716
29722
29726
29734
29737
29741
29752
29756
29763
29766
29776
29780
29786
29789
29796
29812
29817
29820
29826
29852
29853
29969
29977
29987
29988
29994
29998
30001
30007
30053
30076
30100
30141
30149
30152
30176
30182
30186
30209
30217
30220
30238
30248
30250
30252
30262
30272
30279
30289
30299
30308
30310
30319
30349
30362
30380
30386
30390
30402
30405
30408
30415
30422
30664
30686
30688
30691
30696
30702
30741
30744
30747
30750
30981
30985
30999
31013
31028
31039
31046
31053
31072
31078
31083
31105
31108
31110
31111
31123
31137
31154
31178
31192
31197
31208
31221
31232
31240
31259
31263
31271
31285
31293
31298
31309
31312
31315
31316
31320
31323
31324
31325
31354
31357
31367
31371
31372
31373
31392
31403
31405
31410
31422
31424
31431
31444
31454
31464
31469
31478
31483
31487
31493
31497
31501
31514
31526
31532
31534
31546
31559
31561
31566
31568
31570
31574
31588
31608
31615
31620
31629
31634
31638
31646
31651
31660
31671
31674
31676
31684
31685
31757
31763
31769
31773
31781
31788
31794
31805
31816
31820
31821
31830
31833
31836
31910
31929
31932
31949
31961
31972
31984
32003
32011
32015
32024
32029
32038
32042
32046
32050
32054
32059
32062
32065
32114
32119
32121
32123
32184
32188
32190
32222
32225
32227
32238
32240
32243
32274
32276
32278
32286
32292
32295
32309
32315
32318
32331
32338
32345
32369
32377
32385
32441
32450
32468
32470
32481
32493
32496
32502
32977
32999
33057
33059
33064
33079
33081
33085
33098
33104
33107
33109
33129
33135
33141
33142
33169
33170
33180
33181
33357
33371
33407
33421
33458
33464
33486
33490
33517
33521
33534
33544
33569
33576
33645
33652
33655
33672
33691
33694
33724
33738
33743
33745
33750
33759
33764
33767
33775
33784
33788
33789
33794
33804
33807
33809
33846
33855
33857
33858
33902
33914
33919
33925
33932
33956
33961
33963
33972
33978
33982
33983
34025
34031
34035
34041
34125
34129
34131
34135
34240
34245
34251
34259
34265
34271
34275
34342
34379
34386
34399
34411
34418
34421
34435
34437
34446
34457
34465
34475
34487
34501
34504
34506
34533
34543
34549
34554
34572
34577
34603
34611
34619
34635
34641
34645
34653
34657
34663
34678
34702
34707
34710
34721
34729
34732
34751
34761
34769
34774
34777
34786
34829
34837
34846
34855
34859
34869
34881
34901
34911
34915
34925
34946
34952
34955
34975
34979
34988
34989
35016
35022
35033
35040
35042
35050
35056
35087
35093
35106
35113
35121
35144
35154
35166
35170
35183
35189
35192
35213
35219
35223
35230
35243
35253
35255
35257
35266
35276
35282
35287
35296
35315
35352
35366
35384
35395
35397
35406
35425
35429
35434
35437
35444
35460
35465
35468
35482
35489
35503
35507
35512
35525
35542
35544
35554
35556
35560
35562
35570
35572
35601
35607
35622
35632
35639
35644
35658
35674
35682
35685
35692
35700
35706
35708
35709
35725
35726
35731
35737
35741
35742
35743
35757
35758
35767
35782
35790
35797
35804
35816
35823
35828
35863
35873
35879
35892
35902
35904
35913
35918
35924
35932
35936
35948
35951
35955
35959
35984
35993
36000
36010
36014
36016
36019
36024
36026
36032
36034
36037
36039
36042
36043
36155
36180
36186
36189
36194
36198
36200
36203
36230
36237
36241
36253
36258
36262
36269
36274
36277
36279
36283
36284
36343
36365
36378
36386
36392
36424
36427
36435
36450
36466
36471
36475
36497
36501
36517
36524
36526
36529
36534
36536
36563
36573
36584
36607
36611
36625
36637
36640
36668
36672
36680
36682
36685
36690
36700
36704
36728
36731
36741
36755
36768
36780
36797
36806
36810
36812
36823
36826
36849
36855
36872
36878
36887
36888
36899
36905
36911
36913
36919
36922
36929
36930
36937
36941
36943
36960
36961
39730
39735
39740
39745
39807
39817
39863
39881
39884
39903
39919
39933
39944
39951
39958
39973
39977
39989
39994
39996
40004
40006
40046
40049
40059
40061
40066
40072
40080
40081
40086
40094
40100
40104
40108
40117
40118
40120
40121
40126
40131
40153
40157
40160
40165
40170
40174
40194
40199
40205
40223
40227
40229
40236
40246
40247
40249
40253
40256
40259
40286
40288
40300
40313
40316
40360
40363
40365
40378
40382
40383
40389
40398
40404
40407
40414
40418
40421
40426
40430
40435
40438
40441
40676
40679
40681
40688
40690
41026
41037
41041
41071
41082
41087
41097
41099
41106
41114
41120
41123
41131
41133
41139
41147
41152
41161
41162
41164
41171
41174
41177
41180
41251
41257
41273
41291
41370
41378
41387
41388
41417
41425
41428
41434
41439
41445
41454
41458
41464
41486
41489
41491
41500
41506
41513
41516
41553
41560
41566
41568
41574
41582
41584
41585
41610
41616
41619
41622
41645
41650
41652
41654
41685
41691
41701
41715
41728
41732
41746
41748
41766
41774
41777
41784
41788
41792
41801
41803
41808
41816
41819
41821
41838
41845
41846
41847
)
;
flipMap         List<bool> 
2792
(
1
0
0
1
0
0
0
1
1
1
0
0
0
1
1
0
0
0
1
0
0
0
0
0
0
0
0
0
0
0
0
0
0
0
0
0
0
0
0
0
1
0
0
1
1
0
1
0
0
1
1
0
0
0
0
0
0
0
0
0
0
0
0
0
0
0
0
1
0
0
1
0
0
1
0
0
0
0
0
0
0
0
0
0
1
0
0
0
0
0
0
1
0
0
1
1
1
1
0
0
0
0
1
1
1
1
1
0
0
1
0
0
1
1
1
1
1
1
1
1
1
0
0
1
0
0
1
1
1
1
1
1
1
1
0
1
1
1
0
0
1
1
1
1
1
1
1
1
1
1
1
1
1
1
1
0
0
0
0
1
1
1
1
1
1
1
1
1
1
1
1
1
1
1
1
0
0
0
0
0
0
0
0
0
0
0
0
0
0
0
0
1
1
1
1
0
0
0
0
1
1
0
1
0
0
0
1
1
0
1
1
1
1
0
1
1
1
0
1
0
0
0
0
1
1
1
1
1
1
1
1
1
1
1
1
1
1
1
0
0
0
0
1
1
1
0
0
0
1
0
0
1
1
0
0
0
0
0
1
1
1
1
1
1
1
0
1
1
0
1
1
0
0
0
0
0
0
0
0
1
1
0
0
0
0
0
1
0
1
0
1
1
1
1
1
1
1
0
0
0
0
0
0
0
0
0
0
0
0
0
1
0
0
1
1
1
1
1
1
1
1
0
0
0
0
1
1
1
1
1
1
1
1
0
0
0
0
0
0
0
0
0
0
0
0
1
0
1
1
0
1
0
0
0
0
1
0
1
1
1
0
1
1
1
1
0
0
0
0
1
1
1
1
1
1
1
1
0
0
0
0
0
0
1
0
0
0
0
0
0
0
0
0
0
0
0
0
0
0
0
0
0
0
0
0
0
0
0
1
0
0
1
0
0
1
0
0
1
0
0
1
0
0
0
1
0
0
1
1
1
1
1
0
0
1
1
0
1
0
0
0
0
0
0
0
0
0
0
0
0
0
0
0
0
0
0
0
0
0
0
1
1
0
0
1
1
1
1
0
0
1
1
1
1
1
0
1
1
0
0
0
0
1
0
1
1
0
1
1
1
0
1
0
0
0
0
1
0
1
0
1
0
1
1
1
0
0
0
1
0
1
0
0
0
0
1
0
0
0
1
1
0
0
1
1
0
1
0
0
1
0
0
0
0
0
1
0
0
1
0
0
0
0
1
1
1
1
0
0
0
0
0
1
1
0
0
1
0
0
0
0
0
0
0
0
1
1
0
1
1
0
0
1
0
0
1
0
0
0
0
0
0
0
0
1
1
1
1
0
1
0
1
0
1
0
0
0
0
0
0
0
0
0
1
1
1
0
1
0
0
0
0
1
1
0
0
1
0
0
0
0
0
1
0
0
0
1
0
1
1
0
1
1
0
1
1
1
0
1
1
1
0
1
1
0
1
1
1
1
0
0
0
0
1
1
1
1
1
1
0
0
0
0
1
1
1
1
1
1
0
0
0
1
1
1
1
1
1
0
0
0
0
0
1
0
0
1
0
0
0
1
1
0
1
0
0
0
0
0
0
0
1
1
0
0
1
0
0
0
0
0
0
0
0
1
0
0
1
0
0
1
0
0
0
0
0
1
0
1
0
1
0
1
0
1
1
1
1
0
0
0
0
0
0
0
0
1
0
0
0
0
0
1
0
0
0
0
0
0
1
0
0
0
0
0
0
0
0
0
0
0
0
0
0
0
0
0
0
0
0
0
0
0
0
0
1
0
1
1
0
1
0
0
1
0
0
1
1
0
1
1
0
1
0
1
1
0
0
0
0
0
0
0
1
0
0
0
1
0
0
0
0
0
1
1
0
0
1
0
0
0
0
0
0
1
0
0
0
0
0
1
1
1
0
0
0
1
0
0
0
0
1
0
0
0
0
0
0
0
0
1
1
0
0
1
0
0
0
1
1
1
1
1
1
0
1
0
0
0
0
1
1
1
1
0
1
0
1
1
1
1
0
1
1
0
1
1
0
0
0
0
0
0
1
0
1
1
0
0
0
0
1
0
1
1
0
0
0
0
0
1
0
1
0
1
1
1
0
1
0
0
0
1
0
0
0
1
0
0
1
1
1
1
1
0
0
0
1
0
0
0
1
0
0
0
0
1
1
1
1
0
1
0
0
0
1
1
1
1
1
1
1
1
1
0
0
0
0
0
0
1
0
0
1
0
0
0
0
1
1
1
0
1
1
0
1
1
0
1
1
1
1
1
1
1
0
1
1
1
0
0
0
0
0
0
0
0
0
1
1
0
0
1
1
1
1
0
1
1
0
1
1
0
1
0
0
0
1
1
1
1
1
0
0
0
1
1
1
1
0
0
0
0
0
0
1
0
0
1
1
1
0
0
0
0
1
0
0
1
1
0
0
0
0
0
0
0
1
0
0
1
1
1
1
0
1
1
1
1
1
0
0
0
1
0
1
0
0
0
0
0
0
1
1
1
0
1
1
0
1
1
0
0
0
0
0
1
1
1
1
0
1
0
1
1
0
1
1
1
1
0
0
0
0
1
1
1
1
0
0
0
1
0
1
1
1
1
1
1
1
1
1
1
1
0
0
0
0
0
1
1
0
1
1
0
1
1
0
1
1
0
0
0
0
0
0
0
0
0
0
0
0
0
0
0
1
1
0
0
0
0
1
1
1
0
1
1
1
1
1
0
1
1
0
1
1
0
0
0
0
0
0
0
0
1
1
1
1
1
1
0
0
0
0
0
1
1
1
1
1
1
1
1
0
0
1
0
0
1
0
1
1
0
1
0
0
1
0
0
1
0
1
0
0
0
0
1
0
0
1
0
0
1
0
0
0
1
0
1
0
1
0
1
1
1
1
1
0
0
0
1
1
1
1
1
1
1
1
1
1
1
1
0
0
0
0
1
0
0
0
1
1
0
0
0
1
1
0
0
1
1
1
1
0
0
0
0
0
1
1
0
0
0
0
0
1
1
0
1
1
0
1
1
0
0
1
1
0
1
0
0
0
0
0
0
0
0
0
0
0
0
0
0
0
0
0
0
1
1
1
1
1
1
0
1
1
1
0
1
1
1
0
1
0
0
0
0
0
0
0
0
0
0
1
1
0
1
1
0
1
1
0
0
0
0
0
0
0
0
1
1
1
1
1
1
1
1
0
0
0
0
1
1
0
0
0
0
0
1
1
0
1
1
1
0
1
1
1
1
1
0
1
0
0
0
0
0
0
1
0
1
0
0
1
1
1
1
1
1
1
1
0
1
0
1
0
0
1
0
0
0
0
0
0
1
0
1
1
0
1
1
1
1
0
0
1
1
1
1
1
1
1
1
0
1
0
0
0
0
1
0
0
0
1
1
0
1
0
1
1
1
1
0
0
0
0
0
1
1
1
1
1
0
0
1
1
1
1
1
1
1
1
1
1
1
1
1
1
1
1
0
0
1
1
0
0
1
0
1
1
1
1
0
0
1
0
1
1
0
0
0
0
0
0
1
1
0
1
0
0
0
0
1
0
0
1
0
0
1
1
0
0
0
0
1
1
0
0
0
1
0
1
1
1
0
1
1
0
0
0
0
0
0
0
0
0
0
0
0
1
1
0
1
1
1
1
0
1
1
1
0
0
1
1
0
1
1
0
1
1
1
1
0
1
1
1
1
0
1
1
1
0
0
0
0
0
1
1
1
1
0
0
1
1
1
1
1
1
1
1
0
0
0
0
0
0
0
0
0
0
1
1
1
1
0
0
0
0
1
0
1
0
1
1
0
1
0
0
0
1
1
0
1
1
1
0
1
1
0
0
0
0
0
1
1
1
1
1
0
1
0
0
0
1
0
0
0
0
0
0
1
1
1
1
0
0
1
1
0
1
1
1
0
1
0
0
0
0
0
1
1
0
0
0
0
0
0
0
0
0
0
0
0
0
0
0
0
0
0
0
0
0
1
1
0
1
0
1
0
1
0
1
1
0
1
1
0
1
1
0
1
1
1
0
1
1
0
0
0
0
1
1
1
1
1
1
1
0
0
1
1
1
1
1
0
1
1
0
0
0
0
0
0
0
0
1
1
1
1
1
1
1
1
1
1
1
0
0
0
0
0
0
0
0
1
1
0
0
0
1
1
0
1
1
1
1
1
1
1
1
1
1
0
1
0
0
1
0
1
0
0
0
0
0
1
1
0
0
0
0
0
0
0
1
0
0
0
0
0
0
1
0
1
0
1
0
1
1
1
0
0
0
1
1
0
0
1
0
1
0
1
0
1
0
0
0
0
1
1
0
1
1
1
1
1
1
0
0
1
1
0
1
1
1
1
0
0
1
1
1
1
1
0
0
0
0
0
0
0
1
1
0
0
0
0
0
0
0
0
0
1
1
1
1
1
1
1
1
0
0
1
1
1
1
1
0
1
1
1
0
1
1
1
0
1
0
0
0
0
0
1
1
1
0
0
1
1
0
1
0
1
1
1
0
0
1
0
1
0
0
0
0
0
1
1
1
0
1
0
0
1
0
1
1
0
0
0
0
0
0
0
0
0
0
0
0
1
0
1
0
1
1
0
0
0
0
0
0
0
0
0
0
0
0
0
0
0
0
0
0
0
0
0
0
0
0
1
1
0
1
0
0
0
0
0
0
0
1
0
1
0
0
1
1
0
1
1
1
1
1
0
1
1
0
0
1
1
1
1
0
1
0
1
0
0
0
1
1
1
1
1
1
1
1
1
1
1
1
0
0
0
1
1
1
1
1
1
1
1
0
0
0
0
1
1
1
1
1
1
1
1
1
1
1
1
1
1
1
1
0
0
0
0
0
0
0
0
0
0
0
0
0
0
0
1
0
0
0
0
0
0
0
1
0
0
1
0
0
0
0
0
1
0
0
0
1
0
0
0
0
0
0
0
1
0
0
1
0
0
0
0
1
1
0
1
0
1
0
1
1
1
0
0
0
1
1
1
1
1
1
1
1
1
1
1
1
0
0
1
1
1
1
1
1
1
1
1
1
1
1
1
1
1
1
1
1
1
1
1
1
1
1
1
1
1
1
1
0
1
1
0
1
0
0
0
0
0
0
1
1
1
1
1
0
1
1
1
1
0
1
1
0
1
1
1
1
1
1
1
1
1
1
0
1
0
1
1
0
1
1
1
0
1
0
1
0
1
0
1
0
0
0
0
0
0
0
0
0
0
0
0
0
0
0
0
0
0
0
0
0
0
0
0
0
0
0
0
0
1
0
0
1
0
0
0
0
0
0
0
1
0
0
1
1
1
0
1
0
1
0
1
0
1
0
0
0
0
0
0
0
0
0
0
1
0
1
0
0
0
1
1
1
1
0
1
1
0
1
1
1
1
0
1
0
1
1
1
1
0
1
1
1
0
1
0
0
0
1
1
1
0
0
0
0
1
1
0
1
1
0
0
0
1
1
1
1
0
1
0
0
1
1
1
0
1
1
1
1
0
0
0
1
0
0
0
0
1
1
1
0
0
0
0
1
0
0
0
0
0
1
1
1
1
0
1
1
0
1
1
0
0
1
0
1
1
0
0
0
0
0
0
1
1
1
0
0
1
0
0
0
0
0
0
1
1
0
1
1
1
1
1
1
0
1
1
1
1
1
1
0
0
1
1
1
0
1
1
1
0
1
1
1
1
1
1
1
0
0
1
0
1
1
1
0
1
1
0
1
1
1
1
1
0
1
1
1
1
1
1
0
1
1
1
1
0
1
0
0
1
1
1
1
1
1
1
1
1
1
0
1
1
0
1
1
0
1
1
1
0
1
1
1
1
1
1
1
1
1
1
0
0
0
0
0
1
1
1
1
1
1
1
1
1
1
1
1
1
0
0
0
0
0
0
1
0
0
1
0
0
0
0
0
1
1
0
0
1
0
0
0
1
1
1
1
0
1
0
0
0
0
0
0
0
0
0
0
0
0
1
0
0
1
1
1
1
1
0
0
1
1
1
1
1
1
1
1
1
1
1
1
1
1
1
1
1
0
0
1
0
0
1
0
0
1
0
0
1
0
0
1
1
1
1
1
0
0
0
0
1
0
0
0
0
0
1
0
0
1
1
1
1
1
1
0
1
0
0
1
0
0
0
0
1
1
0
1
0
0
0
1
0
1
1
1
0
1
0
0
0
0
0
0
0
0
0
0
0
0
1
1
1
1
0
0
0
0
0
1
1
0
1
1
0
1
1
0
1
1
0
0
0
0
0
0
0
0
1
1
1
1
0
0
0
0
0
0
0
0
1
1
1
1
0
0
0
0
0
1
1
0
1
1
0
1
1
0
1
1
0
0
0
0
)
;
}

Y0Z04
{
    type faceZone;
faceLabels      List<label> 3(9317 9331 9341);
flipMap         List<bool> 3(0 1 0);
}

LBo22
{
    type faceZone;
faceLabels      List<label> 10(17469 17470 17477 17493 19688 19768 19879 19893 19895 19904);
flipMap         List<bool> 10(0 0 1 1 0 1 0 1 1 1);
}

Y0Z00
{
    type faceZone;
faceLabels      List<label> 6(32566 32672 32687 43969 44018 44020);
flipMap         List<bool> 6{1};
}

LBu10
{
    type faceZone;
faceLabels      List<label> 3(32557 32643 32667);
flipMap         List<bool> 3{1};
}

Y1Z15
{
    type faceZone;
faceLabels      List<label> 4(43353 43364 43380 43382);
flipMap         List<bool> 4{1};
}

Y0Z14
{
    type faceZone;
faceLabels      List<label> 6(6703 6711 6713 43346 43349 43350);
flipMap         List<bool> 6(0 0 1 1 1 1);
}

Y0Z01
{
    type faceZone;
faceLabels      List<label> 
12
(
28305
28374
28394
28471
28517
28523
28550
28555
28557
32637
32648
32666
)
;
flipMap         List<bool> 
12
(
1
1
1
1
0
1
0
1
1
0
1
0
)
;
}

Y2Z02
{
    type faceZone;
faceLabels      List<label> 
35
(
9117
9122
9132
9136
9139
9159
9162
9164
9207
9218
9408
9438
28603
28614
28621
28881
28884
28895
28904
28907
28917
28923
28924
28932
28943
28962
28971
28985
28989
30873
30877
30902
30904
30905
30915
)
;
flipMap         List<bool> 
35
(
1
1
1
1
1
1
1
1
1
1
1
1
0
0
0
0
0
0
0
1
0
0
1
0
0
1
0
1
1
1
1
1
1
1
1
)
;
}

Y2Z03
{
    type faceZone;
faceLabels      List<label> 
35
(
7921
7932
8095
8122
8126
8128
8184
8224
8232
8238
8277
8287
8290
8695
8710
8715
8751
8754
8758
8796
8799
8801
8815
8818
8821
8832
8835
8844
8845
8867
8871
9017
9049
9592
9650
)
;
flipMap         List<bool> 
35
(
1
1
1
0
1
1
1
0
1
1
1
0
1
1
1
1
1
1
1
1
1
1
1
1
1
1
1
0
1
1
1
1
0
1
1
)
;
}

Y1Z05
{
    type faceZone;
faceLabels      List<label> 8(9198 9213 9366 9416 9420 9426 9433 9440);
flipMap         List<bool> 8(1 1 1 0 1 1 0 1);
}

Y0Z10
{
    type faceZone;
faceLabels      List<label> 6(6983 7042 7045 9574 9584 9605);
flipMap         List<bool> 6{1};
}

LBu11
{
    type faceZone;
faceLabels      List<label> 4(28686 32561 32598 32782);
flipMap         List<bool> 4{1};
}

Y0Z12
{
    type faceZone;
faceLabels      List<label> 
18
(
5808
5861
5866
5872
5880
5895
5964
5987
5996
6022
6025
6027
6068
6112
6116
6118
6127
6130
)
;
flipMap         List<bool> 
18
(
1
1
0
1
1
0
1
1
1
1
1
1
1
1
1
1
1
1
)
;
}

Y0Z03
{
    type faceZone;
faceLabels      List<label> 6(9185 9326 9345 28166 28220 28239);
flipMap         List<bool> 6{1};
}

LBo20
{
    type faceZone;
faceLabels      List<label> 6(19677 19707 19724 19766 19773 19774);
flipMap         List<bool> 6(0 0 0 1 1 1);
}

Y1Z09
{
    type faceZone;
faceLabels      List<label> 4(9601 9619 9652 9664);
flipMap         List<bool> 4{1};
}

Y1Z13
{
    type faceZone;
faceLabels      List<label> 
16
(
6691
6737
6740
6749
6791
6799
6802
6865
6871
6873
6879
6884
7140
7147
7282
7290
)
;
flipMap         List<bool> 
16
(
0
0
0
0
1
1
1
1
1
0
0
0
0
0
1
0
)
;
}

Y1Z11
{
    type faceZone;
faceLabels      List<label> 4(7032 7066 7074 8281);
flipMap         List<bool> 4{1};
}

Y1Z03
{
    type faceZone;
faceLabels      List<label> 8(9179 9191 9264 9400 28162 28171 28196 28636);
flipMap         List<bool> 8{1};
}

Y2Z01
{
    type faceZone;
faceLabels      List<label> 
20
(
28057
28103
28644
28737
28770
28779
28812
28815
28817
28826
28845
28853
28857
28864
28939
28947
28959
28967
33189
33203
)
;
flipMap         List<bool> 
20
(
1
1
1
1
1
1
1
1
1
1
1
0
1
0
1
1
1
0
1
0
)
;
}

Y2Z06
{
    type faceZone;
faceLabels      List<label> 10(7129 7338 7342 7366 7369 43203 43205 43347 43373 43374);
flipMap         List<bool> 10{1};
}

Y1Z08
{
    type faceZone;
faceLabels      List<label> 4(8864 8877 9032 9066);
flipMap         List<bool> 4{1};
}

Y0Z11
{
    type faceZone;
faceLabels      List<label> 3(7002 7021 7047);
flipMap         List<bool> 3{1};
}

LBu12
{
    type faceZone;
faceLabels      List<label> 5(28733 28828 28831 33192 33201);
flipMap         List<bool> 5(1 1 1 1 0);
}

Y0Z02
{
    type faceZone;
faceLabels      List<label> 6(28210 28224 28234 28365 28387 28391);
flipMap         List<bool> 6(0 1 0 0 0 1);
}

LBo11
{
    type faceZone;
faceLabels      List<label> 8(6681 6686 6700 6726 6732 6843 7111 7134);
flipMap         List<bool> 8{0};
}

Y1Z01
{
    type faceZone;
faceLabels      List<label> 
16
(
28061
28107
28111
28142
28146
28149
28291
28318
28413
28423
28458
28512
28739
32660
32785
32788
)
;
flipMap         List<bool> 
16
(
0
1
1
1
1
1
1
1
1
0
0
0
1
0
0
1
)
;
}

Y1Z00
{
    type faceZone;
faceLabels      List<label> 8(32681 32765 32772 32773 43960 43962 43964 43981);
flipMap         List<bool> 8{1};
}

Y1Z02
{
    type faceZone;
faceLabels      List<label> 8(28188 28199 28244 28370 28403 28406 28632 28649);
flipMap         List<bool> 8(0 1 1 1 0 1 0 0);
}

Y2Z07
{
    type faceZone;
faceLabels      List<label> 5(43200 43202 43362 43371 43398);
flipMap         List<bool> 5{1};
}

LBo12
{
    type faceZone;
faceLabels      List<label> 10(7108 7130 7210 7211 7214 7215 7357 7358 7360 7361);
flipMap         List<bool> 10(0 0 1 1 1 1 1 1 1 1);
}

Y0Z06
{
    type faceZone;
faceLabels      List<label> 3(8921 8960 8968);
flipMap         List<bool> 3{0};
}

Y0Z08
{
    type faceZone;
faceLabels      List<label> 3(8856 8943 8980);
flipMap         List<bool> 3{1};
}

Y1Z14
{
    type faceZone;
faceLabels      List<label> 8(6694 6722 6729 7125 43345 43348 43351 43352);
flipMap         List<bool> 8(0 0 0 0 1 1 1 1);
}

Y2Z05
{
    type faceZone;
faceLabels      List<label> 
20
(
7121
7151
7163
7186
7202
7209
7213
7253
7256
7263
7269
7275
7289
7296
7313
7332
7347
7356
7359
7420
)
;
flipMap         List<bool> 
20
(
0
1
0
0
1
1
1
0
0
1
0
1
1
1
0
0
0
1
1
1
)
;
}
)

// ************************************************************************* //
