/*--------------------------------*- C++ -*----------------------------------*\
| =========                 |                                                 |
| \\      /  F ield         | OpenFOAM: The Open Source CFD Toolbox           |
|  \\    /   O peration     | Version:  dev                                   |
|   \\  /    A nd           | Web:      www.OpenFOAM.org                      |
|    \\/     M anipulation  |                                                 |
\*---------------------------------------------------------------------------*/
FoamFile
{
    version     2.0;
    format      ascii;
    class       regIOobject;
    location    "constant/polyMesh";
    object      faceZones;
}
// * * * * * * * * * * * * * * * * * * * * * * * * * * * * * * * * * * * * * //

50
(
LBo10
{
    type faceZone;
faceLabels      0();
flipMap         0();
}

Y0Z09
{
    type faceZone;
faceLabels      0();
flipMap         0();
}

Y0Z07
{
    type faceZone;
faceLabels      0();
flipMap         0();
}

Y0Z13
{
    type faceZone;
faceLabels      0();
flipMap         0();
}

Y0Z15
{
    type faceZone;
faceLabels      0();
flipMap         0();
}

Y2Z00
{
    type faceZone;
faceLabels      0();
flipMap         0();
}

Y1Z10
{
    type faceZone;
faceLabels      0();
flipMap         0();
}

LBo21
{
    type faceZone;
faceLabels      0();
flipMap         0();
}

Y1Z04
{
    type faceZone;
faceLabels      0();
flipMap         0();
}

Y1Z06
{
    type faceZone;
faceLabels      0();
flipMap         0();
}

Y1Z07
{
    type faceZone;
faceLabels      0();
flipMap         0();
}

Y0Z05
{
    type faceZone;
faceLabels      0();
flipMap         0();
}

Y1Z12
{
    type faceZone;
faceLabels      0();
flipMap         0();
}

Y2Z04
{
    type faceZone;
faceLabels      0();
flipMap         0();
}

wNE
{
    type faceZone;
faceLabels      List<label> 
790
(
71
80
85
109
126
135
154
160
165
169
178
192
196
207
210
212
216
218
229
231
236
251
253
259
268
279
283
287
300
301
310
316
321
323
339
350
353
357
383
388
395
398
402
412
416
430
436
440
614
624
641
646
652
664
670
675
689
697
701
712
717
726
728
767
786
825
843
852
869
876
881
902
906
926
928
931
940
949
952
957
966
968
1018
1023
1049
1060
1071
1083
1092
1125
1127
1135
1142
1145
1152
1160
1164
1172
1176
1180
1191
1196
1199
1207
1219
1223
1231
1235
1237
1245
1251
1255
1258
1260
1264
1277
1284
1288
1290
1292
1296
1306
1309
1319
1321
1324
1327
1333
1334
1377
1382
1386
1389
1394
1398
1416
1421
1430
1441
1456
1461
1465
1473
1476
1485
1488
1489
1494
1530
1533
1545
1549
1565
1568
1570
1578
1589
1594
1600
1602
1617
1626
1628
1632
1650
1660
1666
1668
1673
1687
1692
1696
1715
1740
1743
1747
1756
1763
1766
1776
1783
1787
1807
1809
1831
1834
1836
1864
1872
1880
1882
1891
1894
1901
1921
1926
1929
1931
1945
1957
2036
2055
2058
2075
2085
2096
2108
2126
2134
2138
2147
2152
2161
2165
2169
2173
2177
2182
2185
2188
2237
2242
2244
2246
2307
2311
2313
2345
2348
2350
2361
2363
2366
2397
2399
2401
2409
2415
2418
2432
2438
2441
2454
2461
2468
2492
2500
2508
2564
2573
2591
2593
2604
2615
2618
2624
2726
2736
2776
2777
2781
2794
2796
2800
2812
2818
2821
2823
2843
2849
2855
2856
2870
2968
2982
3018
3032
3069
3075
3097
3101
3128
3132
3145
3155
3180
3187
3254
3261
3264
3281
3300
3303
3333
3347
3352
3354
3359
3368
3373
3376
3384
3393
3397
3398
3403
3413
3416
3418
3455
3464
3466
3467
3511
3523
3528
3534
3541
3565
3570
3572
3581
3587
3591
3592
3634
3640
3644
3650
3733
3737
3739
3743
3840
3845
3851
3859
3865
3871
3875
3890
3925
3932
3945
3957
3964
3967
3981
3983
3992
4003
4011
4021
4033
4047
4050
4052
4079
4089
4095
4100
4118
4123
4149
4157
4165
4181
4187
4191
4199
4203
4209
4224
4248
4253
4256
4267
4275
4278
4297
4307
4315
4320
4323
4332
4375
4383
4392
4401
4405
4415
4427
4447
4457
4461
4471
4492
4498
4501
4521
4525
4534
4535
4562
4568
4579
4586
4588
4596
4602
4633
4639
4652
4659
4667
4690
4700
4712
4716
4729
4735
4738
4759
4765
4769
4776
4789
4799
4801
4803
4812
4822
4828
4833
4842
4861
4898
4912
4930
4941
4943
4952
4971
4975
4980
4983
4990
5006
5011
5014
5028
5035
5049
5053
5058
5071
5088
5090
5100
5102
5106
5108
5116
5118
5147
5153
5168
5178
5185
5190
5204
5220
5228
5231
5238
5246
5252
5254
5255
5271
5272
5277
5283
5287
5288
5289
5303
5304
5313
5328
5336
5343
5350
5362
5369
5374
5409
5419
5425
5438
5448
5450
5459
5464
5470
5478
5482
5494
5497
5501
5505
5530
5539
5546
5556
5560
5562
5565
5570
5572
5578
5580
5583
5585
5588
5589
5701
5726
5732
5735
5740
5744
5746
5749
5776
5783
5787
5799
5804
5808
5815
5820
5823
5825
5829
5830
5889
5911
5924
5932
5938
5970
5973
5981
5996
6012
6017
6021
6043
6047
6063
6070
6072
6075
6080
6082
6109
6119
6130
6153
6157
6171
6183
6186
6214
6218
6226
6228
6231
6236
6246
6250
6274
6277
6287
6301
6314
6326
6343
6352
6356
6358
6369
6372
6395
6401
6418
6424
6433
6434
6445
6451
6457
6459
6465
6468
6475
6476
6483
6487
6489
6506
6507
8022
8027
8032
8037
8099
8109
8155
8173
8176
8195
8211
8225
8236
8243
8250
8265
8269
8281
8286
8288
8296
8298
8338
8341
8351
8353
8358
8364
8372
8373
8378
8386
8392
8396
8400
8409
8410
8412
8413
8418
8423
8445
8449
8452
8457
8462
8466
8486
8491
8497
8515
8519
8521
8528
8538
8539
8541
8545
8548
8551
8578
8580
8592
8605
8608
8652
8655
8657
8670
8674
8675
8681
8690
8696
8699
8706
8710
8713
8718
8722
8727
8730
8733
8968
8971
8973
8980
8982
9318
9329
9333
9363
9374
9379
9389
9391
9398
9406
9412
9415
9423
9425
9431
9439
9444
9453
9454
9456
9463
9466
9469
9472
9543
9549
9565
9583
9662
9670
9679
9680
9709
9717
9720
9726
9731
9737
9746
9750
9756
9778
9781
9783
9792
9798
9805
9808
9845
9852
9858
9860
9866
9874
9876
9877
9902
9908
9911
9914
9937
9942
9944
9946
9977
9983
9993
10007
10020
10024
10038
10040
10058
10066
10069
10076
10080
10084
10093
10095
10100
10108
10111
10113
10130
10137
10138
10139
11643
)
;
flipMap         List<bool> 
790
(
1
1
1
1
0
0
0
0
0
1
1
0
0
0
0
0
1
1
0
1
1
0
1
1
0
0
1
1
0
1
0
0
0
0
0
0
0
0
0
0
0
0
0
0
0
0
0
0
1
1
0
1
1
0
1
1
0
0
0
0
0
0
0
0
1
1
0
1
1
1
0
1
1
1
1
1
0
1
0
0
0
0
0
0
1
0
1
0
0
1
1
1
1
1
1
1
1
0
1
0
1
0
0
1
0
0
0
0
0
0
1
0
1
1
0
1
1
1
1
0
0
1
1
1
1
1
1
1
1
0
1
0
0
0
0
1
0
0
0
1
1
0
1
0
1
1
1
1
1
1
0
1
0
0
1
0
0
0
0
0
0
0
0
1
0
0
0
0
0
1
0
1
0
0
1
0
0
1
1
0
1
1
1
1
1
1
0
1
0
1
1
0
0
0
1
1
1
1
1
1
1
1
1
1
1
1
0
0
1
1
1
1
1
1
1
1
1
1
1
1
1
1
1
1
1
1
1
1
1
1
1
1
1
1
1
1
1
0
1
1
0
1
0
0
0
0
0
0
1
1
1
1
1
0
1
1
1
1
0
1
1
0
1
1
1
1
1
1
1
1
1
1
0
1
0
1
1
1
0
1
0
1
0
1
0
1
0
0
0
0
0
0
0
0
0
0
0
0
0
0
0
0
0
0
0
0
0
0
0
0
0
0
0
0
0
1
0
0
1
0
0
0
0
0
0
0
1
0
0
1
1
1
0
1
0
1
0
1
0
1
0
0
0
0
0
0
0
0
0
0
1
0
1
0
0
0
1
1
1
1
0
1
1
0
1
1
1
1
0
1
0
1
1
1
1
0
1
1
1
0
1
0
0
0
1
1
1
0
0
0
0
1
1
0
1
1
0
0
0
1
1
1
1
0
1
0
0
1
1
1
0
1
1
1
1
0
0
0
1
0
0
0
0
1
1
1
0
0
0
0
1
0
0
0
0
0
1
1
1
1
0
1
1
0
1
1
0
0
1
0
1
1
0
0
0
0
0
0
1
1
1
0
0
1
0
0
0
0
0
0
1
1
0
1
1
1
1
1
1
0
1
1
1
1
1
1
0
0
1
1
1
0
1
1
1
0
1
1
1
1
1
1
1
0
0
1
0
1
1
1
0
1
1
0
1
1
1
1
1
0
1
1
1
1
1
1
0
1
1
1
1
0
1
0
0
1
1
1
1
1
1
1
1
1
1
0
1
1
0
1
1
0
1
1
1
0
1
1
1
1
1
1
1
1
1
1
0
0
0
0
0
1
1
1
1
1
1
1
1
1
1
1
1
1
0
0
0
0
0
0
1
0
0
1
0
0
0
0
0
1
1
0
0
1
0
0
0
1
1
1
1
0
1
0
0
0
0
0
0
0
0
0
0
0
0
1
0
0
1
1
1
1
1
0
0
1
1
1
1
1
1
1
1
1
1
1
1
1
1
1
1
1
0
0
1
0
0
1
0
0
1
0
0
1
0
0
1
1
1
1
1
0
0
0
0
1
0
0
0
0
0
1
0
0
1
1
1
1
1
1
0
1
0
0
1
0
0
0
0
1
1
0
1
0
0
0
1
0
1
1
1
0
1
0
0
0
0
0
0
0
0
0
0
0
0
1
1
1
1
0
0
0
0
0
1
1
0
1
1
0
1
1
0
1
1
0
0
0
0
0
0
0
0
1
1
1
1
0
0
0
0
0
0
0
0
1
1
1
1
0
0
0
0
0
1
1
0
1
1
0
1
1
0
1
1
0
0
0
0
1
)
;
}

Y0Z04
{
    type faceZone;
faceLabels      0();
flipMap         0();
}

LBo22
{
    type faceZone;
faceLabels      0();
flipMap         0();
}

Y0Z00
{
    type faceZone;
faceLabels      0();
flipMap         0();
}

LBu10
{
    type faceZone;
faceLabels      0();
flipMap         0();
}

Y1Z15
{
    type faceZone;
faceLabels      0();
flipMap         0();
}

Y0Z14
{
    type faceZone;
faceLabels      0();
flipMap         0();
}

Y0Z01
{
    type faceZone;
faceLabels      0();
flipMap         0();
}

Y2Z02
{
    type faceZone;
faceLabels      0();
flipMap         0();
}

Y2Z03
{
    type faceZone;
faceLabels      0();
flipMap         0();
}

Y1Z05
{
    type faceZone;
faceLabels      0();
flipMap         0();
}

Y0Z10
{
    type faceZone;
faceLabels      0();
flipMap         0();
}

LBu11
{
    type faceZone;
faceLabels      0();
flipMap         0();
}

Y0Z12
{
    type faceZone;
faceLabels      0();
flipMap         0();
}

Y0Z03
{
    type faceZone;
faceLabels      0();
flipMap         0();
}

LBo20
{
    type faceZone;
faceLabels      0();
flipMap         0();
}

Y1Z09
{
    type faceZone;
faceLabels      0();
flipMap         0();
}

Y1Z13
{
    type faceZone;
faceLabels      0();
flipMap         0();
}

Y1Z11
{
    type faceZone;
faceLabels      0();
flipMap         0();
}

Y1Z03
{
    type faceZone;
faceLabels      0();
flipMap         0();
}

Y2Z01
{
    type faceZone;
faceLabels      0();
flipMap         0();
}

Y2Z06
{
    type faceZone;
faceLabels      0();
flipMap         0();
}

Y1Z08
{
    type faceZone;
faceLabels      0();
flipMap         0();
}

Y0Z11
{
    type faceZone;
faceLabels      0();
flipMap         0();
}

LBu12
{
    type faceZone;
faceLabels      0();
flipMap         0();
}

Y0Z02
{
    type faceZone;
faceLabels      0();
flipMap         0();
}

LBo11
{
    type faceZone;
faceLabels      0();
flipMap         0();
}

Y1Z01
{
    type faceZone;
faceLabels      0();
flipMap         0();
}

Y1Z00
{
    type faceZone;
faceLabels      0();
flipMap         0();
}

Y1Z02
{
    type faceZone;
faceLabels      0();
flipMap         0();
}

Y2Z07
{
    type faceZone;
faceLabels      0();
flipMap         0();
}

LBo12
{
    type faceZone;
faceLabels      0();
flipMap         0();
}

Y0Z06
{
    type faceZone;
faceLabels      0();
flipMap         0();
}

Y0Z08
{
    type faceZone;
faceLabels      0();
flipMap         0();
}

Y1Z14
{
    type faceZone;
faceLabels      0();
flipMap         0();
}

Y2Z05
{
    type faceZone;
faceLabels      0();
flipMap         0();
}
)

// ************************************************************************* //
