/*--------------------------------*- C++ -*----------------------------------*\
| =========                 |                                                 |
| \\      /  F ield         | OpenFOAM: The Open Source CFD Toolbox           |
|  \\    /   O peration     | Version:  dev                                   |
|   \\  /    A nd           | Web:      www.OpenFOAM.org                      |
|    \\/     M anipulation  |                                                 |
\*---------------------------------------------------------------------------*/
FoamFile
{
    version     2.0;
    format      ascii;
    class       labelList;
    note        "nPoints: 4785 nCells: 3496 nFaces: 11669 nInternalFaces: 10184";
    location    "constant/polyMesh";
    object      neighbour;
}
// * * * * * * * * * * * * * * * * * * * * * * * * * * * * * * * * * * * * * //


10184
(
2
3
4
227
267
3059
2
4
10
229
295
374
231
296
297
3061
5
13
226
289
1425
5
6
233
373
7
8
232
410
8
10
143
182
417
9
12
13
234
411
9
148
155
413
11
136
156
415
179
183
303
419
12
185
187
451
489
14
235
452
490
14
237
466
1426
239
468
496
1438
16
17
35
36
37
28
42
43
44
28
49
50
51
22
29
56
57
58
188
20
24
48
51
52
54
26
55
58
59
60
189
498
23
24
25
33
69
72
75
30
63
64
65
190
26
27
77
79
81
131
3179
26
34
36
38
40
27
69
71
72
132
62
64
66
67
191
77
78
79
130
84
85
86
30
95
96
97
192
108
109
110
193
114
115
120
134
163
114
124
125
126
133
142
131
132
3164
38
39
40
62
72
38
39
43
50
63
38
40
51
39
40
44
73
52
67
45
68
74
75
45
46
47
107
117
159
46
47
85
105
45
46
86
108
45
47
118
112
119
88
106
113
120
162
52
53
54
55
53
54
84
52
53
57
86
52
54
60
61
87
59
60
61
500
59
61
95
195
501
60
61
63
96
59
60
64
196
200
502
67
99
503
66
67
68
79
67
68
108
66
67
202
66
68
80
110
204
81
207
82
112
70
75
132
71
73
115
132
74
78
116
132
74
75
79
74
75
118
82
119
77
78
80
123
130
3202
81
130
3203
82
125
130
81
82
81
82
127
3205
3207
129
87
88
89
90
94
87
89
88
89
91
87
88
96
99
92
100
93
92
93
101
138
92
93
105
154
104
106
153
152
98
99
100
101
509
98
99
208
511
99
100
108
98
100
102
109
209
103
213
512
513
104
113
103
104
139
516
103
104
121
155
223
156
224
517
122
157
106
158
162
122
140
159
111
112
113
126
178
112
113
111
113
121
216
111
112
127
218
128
180
221
129
122
116
117
134
164
116
118
134
119
125
134
119
120
126
166
119
120
129
169
122
143
180
225
177
178
124
125
127
133
3222
128
133
172
3223
129
133
128
129
173
128
129
3226
175
3228
131
132
133
3089
3230
3090
3231
134
3165
134
184
3091
3232
144
3167
136
138
145
146
485
139
148
185
414
140
146
149
151
182
481
139
152
153
156
157
186
153
158
161
177
144
163
165
167
469
164
170
172
173
184
155
177
179
233
163
164
165
184
476
3166
147
152
486
147
148
153
479
149
154
480
157
182
412
150
158
482
151
160
473
484
161
183
474
483
154
154
157
158
156
157
232
187
234
177
160
161
162
166
178
161
162
167
168
181
169
164
169
165
166
168
170
470
168
169
173
168
169
473
176
474
171
176
184
299
172
174
184
302
3241
175
184
3242
175
176
178
175
176
179
303
3246
180
3247
181
475
181
182
180
181
180
181
229
230
183
183
416
418
475
304
3092
3249
186
450
520
187
516
521
235
517
519
190
192
195
196
197
191
194
196
198
200
523
1485
193
202
203
204
201
202
205
207
3177
3179
193
208
209
210
216
217
218
198
199
200
525
1492
199
200
208
526
198
200
202
198
199
203
210
1493
205
1496
211
527
1497
528
205
206
207
3194
3204
205
207
205
206
217
3195
206
207
218
3205
3198
219
3199
3206
3207
211
213
534
212
213
216
223
211
212
217
1504
236
535
1507
214
220
236
1508
224
236
536
222
223
226
238
1478
219
220
221
228
3215
3225
220
221
225
219
220
3216
219
221
3226
3219
3227
222
3220
230
3228
225
227
228
3493
224
225
232
234
238
537
230
233
227
232
237
1475
231
233
3491
230
231
3245
3492
230
231
233
3246
3247
3248
3494
233
234
235
237
239
537
588
238
539
1503
238
239
1476
540
1477
540
601
1510
243
251
252
254
255
1357
242
247
255
256
258
1362
249
256
258
261
309
432
1352
263
264
265
275
2916
245
250
268
269
272
320
246
269
271
272
298
321
2690
2919
250
274
284
285
287
322
2694
2920
249
275
278
281
2930
249
274
283
284
287
288
311
2899
277
278
281
315
2902
282
284
285
316
253
257
263
306
323
265
289
323
465
1417
254
259
324
329
445
260
446
465
1359
257
260
275
1363
257
261
278
308
259
279
335
260
261
434
1365
260
261
338
437
438
1366
339
439
263
264
268
276
317
371
279
370
376
266
270
280
2917
266
267
370
3053
273
297
371
3054
289
297
373
3050
270
282
375
399
270
271
285
2910
273
286
2911
272
273
290
2914
292
375
402
294
375
2915
407
2695
2921
279
280
2931
277
279
280
282
310
278
281
283
342
279
343
344
281
286
2932
288
2934
283
286
363
284
288
364
287
365
286
287
2900
288
2922
288
2926
2927
410
466
1414
291
292
294
298
2721
293
296
298
2722
3244
293
298
301
372
295
298
302
3241
296
297
372
2723
296
303
372
3246
2724
3248
374
3060
304
2691
2725
3249
300
302
304
470
475
301
304
383
401
471
302
304
384
402
303
304
384
475
321
476
2640
311
312
313
349
354
355
408
326
327
329
335
376
319
332
334
421
462
309
335
339
341
343
315
337
339
341
420
453
317
342
344
346
363
315
364
365
366
369
407
349
350
355
409
315
359
360
361
362
420
319
356
358
360
421
342
343
347
348
320
322
363
365
367
376
379
382
399
350
385
387
389
406
392
394
396
321
399
400
402
322
400
401
402
406
2641
365
366
367
407
409
2643
324
327
370
410
330
411
447
465
326
327
328
333
377
412
331
334
336
378
330
380
413
330
331
414
458
461
330
331
338
448
415
449
340
460
464
333
392
463
480
334
393
461
479
394
425
464
336
338
344
340
341
345
425
339
340
341
423
454
339
340
442
443
426
456
348
427
343
347
364
344
348
345
376
346
348
356
378
347
357
368
379
348
359
369
361
351
354
366
409
351
353
409
352
367
385
409
353
354
357
368
388
355
358
389
355
359
369
362
357
361
394
425
358
359
395
362
396
361
362
361
362
422
427
364
368
399
365
369
366
367
369
368
400
369
403
371
373
380
374
375
382
374
375
384
374
410
417
419
405
378
380
378
380
381
393
416
379
394
381
395
403
382
417
382
397
404
418
405
419
384
404
418
475
477
405
419
386
388
400
406
387
390
401
406
471
391
406
472
389
390
395
403
391
396
391
397
404
477
398
478
393
398
482
394
397
481
395
396
397
398
398
483
484
403
405
401
403
402
404
405
404
405
409
476
2642
408
2645
409
2644
2646
411
413
415
452
466
413
414
416
479
415
417
415
450
485
451
417
418
481
419
419
483
422
423
427
428
422
424
425
427
428
426
427
428
426
428
462
426
427
464
430
431
435
436
437
541
433
441
442
455
433
444
445
487
542
434
436
439
440
453
543
1381
448
459
488
438
439
440
1391
438
440
444
550
1392
439
440
441
545
438
439
442
445
446
1393
443
547
1394
443
453
457
443
448
456
453
454
446
495
552
1386
446
447
448
467
1387
449
452
467
487
449
460
451
458
488
451
458
492
452
491
468
493
454
457
456
457
456
457
459
460
460
494
460
494
463
464
485
463
464
486
466
467
1418
468
1415
468
495
1443
497
1439
470
472
473
476
471
474
476
472
476
477
476
478
474
478
475
477
2639
478
483
484
480
481
485
482
486
482
483
484
484
486
488
493
495
585
491
494
490
491
519
520
493
496
587
588
492
493
494
520
497
591
497
595
1444
497
598
601
1440
600
1441
499
500
502
504
523
502
504
505
524
502
503
504
502
503
505
511
526
528
507
513
507
506
507
529
508
510
511
531
510
512
514
515
532
512
513
514
516
513
514
512
513
534
517
536
518
517
518
519
569
517
518
537
521
521
588
521
523
524
525
530
568
1486
524
525
528
567
1484
528
529
572
527
528
1490
527
528
529
534
530
535
1491
530
531
570
533
573
1489
532
533
534
579
536
538
569
582
535
538
583
1500
535
536
539
1502
537
539
540
569
539
596
602
1511
540
1501
602
1499
542
545
546
550
549
552
585
544
545
547
548
555
1592
547
548
551
563
1602
547
548
548
549
551
564
550
1604
566
553
558
586
551
552
1603
553
565
1605
553
595
1597
559
594
1598
556
560
561
565
1628
560
562
563
566
1622
557
559
628
1625
558
561
626
559
564
630
565
629
1627
562
563
1629
562
564
566
565
566
1631
565
566
1633
568
572
574
575
639
1660
572
573
575
1661
578
588
602
571
572
573
579
574
576
580
610
574
576
583
1671
575
641
576
642
1673
584
611
1676
578
581
593
606
620
582
589
605
580
582
583
581
584
613
582
607
614
596
584
596
1678
607
617
1683
586
591
595
592
594
630
589
590
591
598
589
601
593
604
592
593
597
635
592
600
599
636
603
621
595
599
629
1651
600
1652
605
607
1677
598
599
603
637
1649
600
604
1647
600
634
1646
1648
602
604
1657
605
1663
604
606
625
1658
605
1659
606
1666
607
622
1667
615
1680
612
614
618
619
619
621
623
627
611
613
638
641
617
642
643
1739
613
616
638
614
617
615
620
617
618
622
1745
617
618
643
1746
1750
624
1751
620
624
621
622
625
635
624
625
1740
624
625
633
1692
1744
637
1693
628
630
631
631
633
635
629
632
1695
630
634
1704
636
632
636
633
634
1694
637
1696
636
637
1699
636
637
1702
640
643
640
641
642
644
1710
641
644
642
644
1733
644
1734
1737
928
1306
1309
1312
1313
1208
1224
1267
1270
1271
648
674
675
677
850
1042
672
680
682
852
1046
651
657
689
692
695
696
652
660
696
698
700
661
709
710
713
714
664
714
716
718
722
723
724
655
835
838
841
859
670
671
786
787
789
813
835
836
841
889
659
665
721
723
725
726
843
844
846
847
862
864
865
868
661
728
729
733
742
662
736
737
738
663
667
731
732
733
734
735
737
739
740
664
742
744
746
749
750
754
763
757
758
759
669
752
753
754
755
756
758
760
761
2095
763
765
767
667
837
838
839
840
668
729
770
772
773
785
669
771
773
774
775
887
749
777
779
780
799
778
780
781
782
1706
2153
690
784
786
787
792
791
792
794
797
812
890
1060
674
791
793
795
1061
707
784
798
799
804
805
805
807
809
1043
676
679
682
707
805
677
678
708
806
2076
807
851
1076
2075
679
703
712
851
2176
684
705
713
850
681
791
812
853
1089
682
683
690
792
812
684
691
793
684
685
694
812
853
687
695
852
687
688
699
817
1207
687
688
700
704
1204
701
705
1206
702
820
1205
693
694
697
728
813
691
693
694
813
692
695
707
784
693
709
729
785
730
786
813
695
699
813
701
713
697
701
714
742
698
699
743
822
702
744
823
701
702
824
701
702
718
719
827
705
706
717
856
2172
705
706
718
849
719
854
720
855
2175
708
709
713
711
712
798
2148
711
749
799
711
712
715
750
2187
751
800
2149
713
717
2186
719
715
719
763
716
717
764
2185
720
765
2183
719
720
2182
719
720
2184
725
726
727
735
831
725
727
832
725
726
881
726
727
736
833
880
740
741
834
730
731
743
845
730
732
749
734
770
842
733
734
745
846
733
734
753
773
747
754
774
844
739
740
741
745
740
741
739
740
758
739
741
746
759
747
760
748
743
747
763
744
745
829
748
830
747
748
831
747
748
767
768
834
751
753
751
752
764
2159
755
777
2157
754
755
766
2156
754
755
780
768
781
2158
760
761
762
766
2178
761
762
2179
760
761
760
762
767
768
2180
769
2181
764
768
765
766
2191
769
2189
768
769
2188
768
769
2190
774
776
786
836
774
775
776
840
903
775
776
779
788
905
774
775
780
839
782
908
789
841
909
781
783
800
2166
781
782
783
1714
2165
782
783
802
1715
781
782
2167
1718
803
1719
2168
785
790
793
786
788
799
789
789
790
794
915
789
790
802
917
919
796
804
920
792
797
1168
793
794
796
805
796
797
910
796
797
809
883
1170
810
913
884
1173
800
801
806
2171
800
802
803
2170
803
804
808
1574
1726
803
804
1727
1575
1730
810
1731
806
810
807
808
2151
811
1082
2150
810
811
1556
1721
810
811
1084
1684
1724
1087
1685
2152
813
817
819
853
857
1045
1201
1203
814
816
822
824
826
842
845
848
858
815
821
822
826
878
828
829
833
848
882
835
842
843
848
861
819
820
824
1203
819
820
825
1200
826
877
1201
827
1202
823
825
828
823
824
829
827
830
826
827
826
827
879
830
832
830
831
845
834
833
834
846
833
834
847
860
836
837
859
839
841
842
838
839
843
859
840
859
840
844
841
936
938
844
845
844
847
870
846
846
848
847
848
871
874
854
855
1050
1204
851
852
854
1075
856
1078
2177
853
1090
1206
1092
1207
856
1117
1206
856
1118
2173
1120
2174
858
877
939
1044
861
872
873
874
878
879
861
870
872
876
871
880
882
870
872
874
864
865
866
867
868
869
875
868
869
881
867
868
870
867
869
876
871
880
871
876
874
875
873
876
874
875
882
876
879
939
879
882
881
884
891
913
1301
1684
890
910
911
1303
887
896
899
900
901
1710
888
895
897
898
899
1711
903
906
907
908
1706
892
904
905
906
1707
890
915
916
919
921
937
938
893
910
911
914
1318
894
911
912
1319
1708
895
916
917
918
1709
922
923
926
928
1306
923
924
925
1311
1712
930
931
932
1713
900
901
902
900
902
904
930
901
902
931
1734
900
901
906
1735
907
1737
933
907
908
909
936
907
909
916
937
908
909
917
1715
907
908
1716
1718
919
938
913
914
915
914
923
1320
913
914
918
924
1723
920
1724
921
926
919
920
921
919
921
930
919
920
1727
920
921
932
1729
1731
934
926
927
928
929
926
928
1313
926
927
932
1742
927
928
1309
1692
934
935
1744
933
934
935
933
934
933
935
1746
934
935
1748
1751
938
938
1198
1201
946
955
956
957
942
947
1014
1015
1018
1060
1174
1175
1178
1180
1237
948
1013
1014
1015
1233
944
947
1020
1022
1023
1035
1036
1037
1038
1044
948
1020
1021
1022
1233
950
962
963
1234
969
970
971
948
968
970
972
973
1027
1029
1031
1045
1102
1103
1107
1108
1027
1028
1029
976
977
978
952
983
984
985
953
982
985
987
988
989
992
993
995
1058
1137
1139
1140
1142
1002
1003
1004
1234
1001
1004
1006
1007
1008
1010
1066
1188
1190
1240
958
959
960
975
997
1026
958
959
970
1027
1033
958
960
976
959
960
971
998
979
1030
1034
973
999
1031
981
1000
964
965
1019
964
965
983
1021
1242
965
984
1039
1024
1244
986
1025
1040
967
1022
1037
1282
1024
1252
972
973
974
1067
1109
972
974
1068
972
973
1035
973
974
1110
1036
1071
1114
1073
1115
979
980
981
982
993
979
981
979
980
984
1039
980
981
994
986
1040
988
995
996
986
987
988
1026
986
987
1002
1028
986
988
987
988
1004
1030
1006
1032
991
992
997
1026
1139
991
992
1009
1029
1053
1103
999
1031
1107
1138
1010
1032
1137
995
996
997
1142
995
996
1054
1140
1000
1141
999
1000
1145
999
1000
1055
1110
1114
1143
1144
1005
1006
1007
1012
1255
1005
1006
1013
1242
1005
1007
1243
1256
1006
1007
1016
1245
1259
1017
1260
1010
1011
1012
1190
1262
1010
1011
1015
1064
1175
1017
1188
1018
1180
1189
1265
1016
1017
1018
1276
1016
1017
1028
1233
1016
1018
1233
1277
1017
1018
1029
1233
1278
1032
1279
1023
1024
1025
1023
1025
1027
1033
1024
1025
1028
1233
1023
1024
1233
1233
1030
1034
1030
1031
1032
1030
1031
1030
1032
1031
1032
1034
1035
1040
1036
1199
1038
1040
1068
1069
1070
1200
1043
1046
1075
1076
1077
1061
1082
1083
1084
1045
1198
1199
1060
1067
1069
1071
1072
1088
1089
1092
1094
1061
1089
1090
1091
1050
1096
1097
1098
1204
1051
1053
1062
1103
1104
1105
1052
1055
1110
1111
1112
1117
1118
1119
1056
1063
1124
1125
1126
1059
1131
1132
1133
1056
1064
1137
1138
1057
1140
1141
1059
1143
1144
1065
1147
1148
1149
1154
1155
1156
1066
1146
1148
1151
1152
1153
1155
1157
1158
1767
1161
1162
1163
1167
1168
1171
1173
1318
1168
1169
1170
1063
1064
1175
1176
1177
1065
1182
1183
1184
1065
1188
1189
1192
1193
1194
1191
1193
1195
1197
1613
1770
1071
1072
1073
1095
1071
1073
1071
1072
1198
1201
1072
1073
1096
1202
1199
1099
1203
1101
1078
1079
1080
1116
1123
1917
1078
1079
1090
1117
1078
1080
1082
1881
1079
1080
1083
1091
1124
1120
1918
1093
1121
1127
1085
1129
1885
1085
1086
1087
1181
1686
1895
1085
1087
1893
1085
1086
1169
1182
1086
1087
1170
1687
1185
1896
1172
1186
1688
1689
1894
1092
1093
1094
1095
1102
1092
1094
1168
1092
1093
1097
1093
1094
1104
1169
1099
1100
1106
1108
1171
1099
1100
1101
1109
1099
1101
1205
1099
1100
1117
1206
1100
1101
1111
1119
1207
1113
1121
1115
1106
1107
1108
1109
1107
1108
1175
1106
1108
1124
1176
1106
1107
1112
1126
1138
1113
1127
1114
1178
1113
1114
1115
1114
1115
1113
1115
1131
1113
1114
1132
1143
1134
1120
1121
1122
1130
1913
1120
1121
1120
1122
1914
1121
1122
1131
1915
1134
1136
1916
1127
1128
1129
1130
1901
1127
1129
1182
1128
1129
1147
1183
1902
1127
1128
1132
1149
1134
1135
1150
1903
1185
1904
1134
1135
1136
1897
1134
1136
1134
1135
1161
1135
1136
1162
1898
1164
1899
1900
1139
1148
1188
1139
1143
1149
1145
1151
1142
1155
1142
1144
1156
1145
1157
1145
1161
1145
1163
1165
1150
1151
1152
1160
1909
1150
1152
1192
1910
1151
1152
1193
1150
1151
1161
1164
1911
1165
1195
1912
1157
1158
1159
1160
1818
1158
1159
1819
1157
1158
1157
1159
1163
1165
1820
1166
1821
1164
1165
1166
1905
1164
1165
1164
1166
1906
1165
1166
1907
1908
1171
1172
1173
1174
1300
1171
1173
1171
1172
1176
1172
1173
1301
1178
1179
1302
1303
1178
1179
1180
1304
1178
1180
1178
1179
1182
1179
1180
1184
1189
1286
1186
1305
1287
1185
1186
1187
1690
1839
1185
1186
1185
1187
1192
1840
1186
1187
1194
1614
1841
1691
1196
1615
1842
1190
1193
1190
1194
1288
1197
1289
1195
1196
1197
1339
1616
1195
1196
1843
1195
1197
1196
1197
1617
1844
1340
1619
1620
1199
1201
1202
1203
1203
1205
1207
1205
1206
1207
1207
1209
1213
1214
1216
1217
1218
1219
1236
1267
1271
1280
1281
1239
1267
1268
1271
1290
1211
1214
1215
1246
1221
1222
1223
1238
1220
1223
1225
1226
1227
1228
1229
1232
1240
1622
1216
1217
1216
1217
1221
1249
1216
1222
1224
1235
1219
1281
1253
1280
1224
1225
1226
1270
1224
1226
1257
1267
1224
1225
1225
1226
1258
1261
1269
1228
1229
1296
1629
1232
1264
1291
1630
1231
1232
1270
1231
1232
1263
1268
1291
1294
1272
1295
1296
1266
1269
1236
1241
1242
1244
1245
1251
1252
1282
1283
1242
1243
1236
1247
1249
1239
1247
1249
1250
1253
1254
1273
1277
1278
1284
1285
1239
1274
1277
1279
1287
1290
1299
1304
1318
1324
1246
1256
1257
1258
1273
1274
1277
1255
1258
1260
1261
1262
1264
1266
1289
1613
1244
1245
1247
1244
1245
1245
1248
1250
1248
1249
1250
1250
1256
1250
1257
1259
1252
1254
1283
1282
1254
1284
1285
1259
1260
1261
1276
1259
1260
1259
1261
1273
1260
1261
1278
1275
1265
1266
1276
1289
1265
1266
1274
1298
1299
1266
1289
1298
1618
1279
1287
1288
1275
1269
1273
1269
1272
1274
1290
1270
1275
1272
1272
1290
1290
1275
1278
1275
1279
1276
1278
1279
1278
1279
1281
1284
1283
1285
1285
1287
1288
1297
1305
1614
1299
1304
1289
1298
1617
1620
1294
1295
1306
1316
1317
1292
1296
1298
1623
1293
1294
1297
1315
1624
1295
1296
1308
1625
1295
1299
1317
1316
1628
1298
1299
1323
1635
1636
1324
1302
1303
1304
1318
1322
1302
1303
1319
1687
1305
1321
1688
1318
1320
1305
1324
1323
1691
1312
1313
1314
1318
1308
1309
1310
1312
1694
1315
1316
1695
1311
1696
1311
1314
1315
1321
1697
1313
1319
1698
1314
1316
1314
1320
1317
1322
1317
1323
1703
1317
1324
1320
1322
1320
1321
1752
1322
1322
1323
1754
1324
1324
1756
1329
1347
1398
1808
1809
1810
1327
1329
1330
1334
1764
1808
1328
1331
1400
1763
1812
1329
1348
1403
1763
1814
1350
1404
1813
1331
1337
1340
1771
1835
1339
1611
1770
1836
1333
1341
1397
1434
1807
1837
1334
1335
1395
1398
1808
1337
1399
1400
1404
1336
1337
1606
1835
1837
1338
1607
1615
1838
1842
1338
1609
1611
1340
1610
1612
1619
1340
1612
1770
1844
1842
1843
1342
1445
1449
1873
1889
1433
1448
1577
1871
1890
1348
1351
1355
1763
1941
1942
2758
2770
1346
1347
1369
1407
1809
1939
1346
1347
1349
1370
1921
2885
1371
1408
1937
2888
1350
1372
1938
1350
1351
1376
1942
1350
1351
1377
1922
2892
1378
1940
1379
1941
2896
1353
1355
1361
1362
1365
1381
2902
1354
1361
1364
1365
1389
1355
1374
1375
1376
1401
1374
1376
1379
1382
2908
1357
1358
1360
1367
1416
2898
1359
1363
1417
2916
1359
1364
1368
1385
1410
1366
1387
1418
1361
1363
1364
1373
2901
1362
1374
2929
1363
1365
2930
1366
2931
1366
1375
1390
1366
1391
1393
1368
1370
1373
1419
2904
1372
1375
1396
1411
1371
1372
1397
1411
1421
1371
1372
1377
2946
1419
1422
2947
1378
1398
1374
1375
1377
2907
1379
2956
1378
1402
1378
1379
1403
1378
1379
2959
1404
2962
1381
1383
1388
1389
1394
1591
1382
1389
1391
1394
1592
1383
1400
1401
1403
1593
1763
1399
1400
1401
1594
1385
1386
1388
1395
1432
1595
1387
1390
1396
1442
1387
1392
1444
1597
1393
1443
1390
1392
1399
1600
1390
1391
1401
1393
1402
1393
1394
1393
1394
1603
1604
1396
1399
1434
1606
1398
1402
1450
1398
1449
1450
1809
1404
1402
1609
1403
1611
1402
1403
1404
1404
1406
1407
1429
1512
1875
1943
1408
1430
1451
1953
3027
1408
1421
1876
1955
1422
1954
3032
1410
1412
1413
1415
1423
1436
1411
1416
1418
1442
1412
1419
1450
1420
1421
1427
1446
1414
1416
1420
1424
3048
1415
1417
1425
3050
1418
1426
1439
1417
1419
3051
1418
3053
1443
1420
3055
1422
1428
3049
1422
1429
1449
1430
2982
1424
1426
1427
1437
1470
1425
1428
1472
3056
1426
1475
3059
1438
1476
1428
1429
1447
1471
1430
1479
3062
1430
1448
1545
1480
3046
1433
1435
1437
1440
1582
1639
1434
1435
1442
1444
1650
1445
1447
1576
1641
1445
1450
1656
1436
1441
1445
1645
1437
1439
1442
1446
1438
1447
1551
1439
1440
1510
1441
1443
1441
1647
1657
1444
1648
1443
1450
1444
1652
1446
1655
1447
1449
1450
1448
1541
1449
1542
1875
1876
1452
1480
1512
2013
3401
1453
1483
1513
2014
3403
1468
1514
2000
2029
3397
1457
1459
1461
1463
1485
1523
1991
3412
1456
1458
1459
1460
1487
3414
1464
1465
1466
1488
3417
1461
1462
1463
1529
1993
1461
1462
1464
1995
3454
1461
1463
1494
3455
1462
1463
1465
1495
1530
1998
3456
1467
1531
1999
1498
1532
1467
1468
2000
3467
1467
1469
1505
1535
1468
1469
1481
1506
3468
1515
1536
1538
1483
1538
3470
1482
1509
1537
1538
1471
1472
1474
1476
1551
1479
1482
1541
1545
1473
1475
1479
3486
1474
1478
1481
1506
3490
1477
1482
1509
1552
1476
1478
3491
1477
1510
1478
1499
1503
1508
3493
1480
1481
3487
1483
1545
3482
1482
1483
3495
1543
1546
1546
3485
1485
1486
1490
1523
1547
1550
1660
1492
1494
1496
1498
3177
1489
1490
1547
1661
1488
1493
1494
1495
3180
1504
1505
1506
3183
1491
1500
1548
1671
1491
1492
1550
1497
1502
1549
1496
1497
1498
1496
1497
1504
3195
1496
1498
3196
1497
1498
1505
1549
3198
1507
1550
1501
1510
1552
1663
1502
1511
1553
1678
1502
1503
1511
1555
1507
1554
1507
1508
1509
1507
1508
3216
1507
1509
1554
1508
1509
3218
3220
1555
1551
1657
1580
1663
1677
1513
1545
2001
2068
1514
1519
1546
2015
1515
1522
1538
2030
1540
1999
2000
2031
1517
1521
2037
2060
2069
2085
1518
1519
1520
1579
2086
1577
1871
2037
2068
2087
1522
1544
2068
2069
1521
1522
1539
1560
2135
2119
2125
2136
2139
1534
1540
2125
1524
1526
1529
1532
1557
2137
1526
1528
1532
1547
1558
1527
1533
1536
1539
1559
1560
1527
1529
1562
2138
1528
1531
1563
2142
1530
1533
1548
1564
1531
1532
2143
1531
1532
1535
1549
1536
2146
1550
1535
1553
1561
1568
1536
1537
1538
1544
1560
1536
1537
1554
1540
1543
1555
1561
1546
1540
2139
2142
2169
2146
2147
1542
1543
1551
1576
1544
1545
1577
2068
1544
1552
1578
1546
1579
1546
1548
1550
1670
1549
1553
1672
1550
1554
1552
1582
1555
1583
1554
1580
1679
1555
1580
1574
1585
2086
2151
2152
1558
1562
1566
1660
1706
2153
2160
1562
1564
1566
1670
1563
1567
1568
1572
2169
1561
1567
1579
1569
1578
1580
1563
2154
2160
1564
2161
2164
1565
1568
1672
1566
1571
1674
1717
2161
1675
1720
2160
1569
1570
1589
2135
1569
1571
1679
1573
1584
1662
1572
1573
1574
1585
1726
1572
1573
1681
1728
1575
1730
2161
1588
1682
1732
1575
2135
2171
2168
2169
2170
1577
1578
1581
1582
1579
1586
1579
1583
1584
1589
1583
1662
1584
1586
1587
1641
1664
1583
1657
1664
1663
1665
1588
1589
1665
1588
1589
1590
1721
1589
1590
1890
2087
1588
1590
1653
1668
1722
1669
1725
2086
1685
1892
2152
1592
1594
1599
1600
1604
1593
1599
1602
1604
1622
1594
1608
1611
1612
1613
1770
1608
1609
1611
1596
1597
1600
1606
1650
1598
1601
1607
1626
1640
1598
1603
1652
1605
1627
1651
1601
1602
1608
1634
1601
1603
1609
1605
1610
1632
1604
1605
1631
1604
1605
1633
1607
1609
1656
1610
1637
1642
1610
1612
1621
1610
1638
1612
1616
1616
1618
1620
1621
1622
1615
1617
1635
1691
1619
1637
1690
1619
1620
1621
1619
1620
1636
1620
1621
1630
1636
1638
1634
1638
1629
1630
1631
1634
1624
1628
1630
1632
1636
1625
1626
1635
1703
1627
1628
1695
1627
1632
1637
1705
1633
1704
1629
1633
1630
1631
1634
1633
1634
1633
1634
1638
1636
1637
1756
1638
1638
1757
1641
1643
1645
1647
1664
1642
1644
1650
1651
1705
1653
1655
1890
1654
1656
1757
1838
1644
1649
1653
1668
1700
1645
1646
1654
1701
1648
1650
1655
1648
1649
1651
1699
1648
1649
1659
1652
1658
1702
1652
1656
1652
1704
1654
1753
1892
1655
1755
1891
1656
1889
1837
1659
1663
1659
1667
1668
1693
1664
1666
1661
1670
1673
1675
1710
1670
1671
1673
1665
1677
1679
1682
1666
1665
1668
1666
1669
1667
1677
1669
1680
1740
1669
1741
1682
1743
1672
1675
1672
1676
1678
1674
1679
1675
1676
1733
1675
1676
1681
1736
1738
1683
1739
1678
1680
1679
1683
1681
1682
1683
1745
1682
1683
1747
1749
1750
1685
1687
1708
1724
1689
1721
1722
1688
1689
1690
1755
1891
1688
1689
1752
1691
1754
1753
1892
1691
1757
1838
1756
1693
1696
1712
1744
1702
1740
1741
1695
1696
1697
1699
1703
1704
1698
1702
1698
1701
1703
1754
1700
1712
1752
1701
1702
1704
1701
1702
1741
1753
1705
1755
1705
1756
1705
1757
1710
1714
1716
1718
1720
1709
1711
1715
1716
1717
1712
1722
1723
1752
1713
1727
1728
1729
1733
1735
1737
1738
1713
1734
1735
1736
1741
1742
1746
1747
1748
1718
1719
1720
2160
1718
1719
1727
1718
1720
1735
1719
1720
1728
1736
1730
2161
1738
1724
1725
1726
1725
1741
1753
1724
1725
1729
1742
1731
1732
1743
1730
1731
1732
1730
1731
1730
1732
1747
1731
1732
1748
1749
1737
1738
1739
1737
1739
1746
1737
1738
1738
1739
1747
1750
1743
1744
1745
1743
1743
1744
1748
1749
1751
1749
1750
1751
1750
1751
1749
1750
1749
1751
1753
1754
1755
1755
1756
1757
1757
1765
1772
1774
1776
1766
1772
1792
1794
1798
1761
1763
1767
1773
1774
1775
1777
1801
1802
1805
2758
1768
1792
1800
1801
1802
1769
1785
1806
1807
1811
1872
1770
1812
1814
1771
1799
1806
1812
1813
1815
1817
1819
1815
1827
1829
1908
1768
1770
1816
1817
1818
1820
1832
1909
1912
1827
1831
1832
1909
1824
1833
1834
1841
1887
1836
1844
1830
1833
1836
1843
1773
1778
1815
1774
1775
1792
1816
1777
1817
1777
1778
1795
2834
1777
1778
2835
2839
1798
2840
1780
1783
1787
1793
1822
1845
1782
1794
1823
1849
1783
1784
1788
1845
1862
1930
1783
1784
1796
1933
1790
1797
1935
1849
1863
1936
1786
1791
1824
1846
1866
1787
1789
1799
1806
1825
1790
1800
1826
1846
1790
1791
1846
1869
1923
1790
1791
1803
1810
1925
1804
1928
1811
1870
1929
1793
1795
1827
1794
1797
1800
1828
1796
1829
1797
1798
1802
2841
1797
1798
2843
1804
2845
2847
1800
1801
1803
1830
1804
1831
1805
1812
1832
1804
1805
2827
1804
1805
1813
2828
2831
1814
2833
1808
1810
1833
1808
1809
1834
1873
1835
1811
1876
1811
1813
1938
1877
1939
1814
1836
1814
1940
1942
1816
1821
1817
1818
1827
1820
1820
1821
1905
1820
1821
1908
1823
1826
1828
1847
1899
1829
1850
1898
1825
1848
1884
1904
1826
1830
1833
1902
1831
1848
1903
1828
1905
1829
1831
1907
1906
1831
1832
1910
1911
1836
1912
1835
1840
1835
1837
1839
1888
1842
1844
1838
1889
1839
1891
1841
1842
1895
1841
1842
1843
1902
1896
1904
1844
1910
1912
1846
1847
1849
1858
1848
1865
1848
1850
1879
1897
1883
1901
1850
1859
1880
1900
1854
1857
1859
1861
2032
1853
1855
1864
1866
1868
2035
1856
1871
1872
1874
2037
1878
1880
1914
2038
1856
1881
1882
1884
2039
1886
1887
1893
2042
1858
1860
1864
1878
2045
1859
1862
1865
1879
1863
1880
1861
1862
1867
1956
2046
1863
2047
2070
1863
1869
1958
1959
1865
1867
1882
2062
1866
1869
1883
1870
1872
1884
1868
1869
1957
2063
1870
1874
1947
2064
1870
1960
1877
1952
1873
1875
1886
1873
1877
1887
1876
1888
1875
1877
1943
2067
1876
2068
1877
1955
1879
1882
1915
2073
1880
1883
1913
1916
1885
1893
1918
2075
1883
1918
2078
1884
1917
1885
1887
1896
1904
1917
1888
1890
1894
2087
1888
1896
1889
1895
1890
1891
1892
1892
1895
1894
1894
1896
2150
1895
2152
1896
1899
1900
1901
1913
1899
1900
1906
1903
1907
1916
1903
1904
1917
1903
1904
1910
1911
1907
1908
1909
1907
1908
1911
1911
1912
1911
1912
1915
1916
1917
1915
1916
2173
1918
2174
1918
2177
1921
1924
1925
1926
2754
2756
1931
1932
1933
2755
2759
1922
1937
1938
2767
1940
1941
2756
2769
1927
1928
1929
1930
1960
1927
1929
1937
1950
2815
1928
1929
1938
2828
1927
1928
1931
2816
2830
1934
1951
2817
1935
2831
1939
1952
1934
1935
1936
1958
1934
1935
2822
2842
1934
1936
1945
2823
1935
1936
2843
1946
2824
2845
1959
1939
1954
2886
1939
1940
1955
1942
2828
1942
2829
2893
2833
1947
1953
1955
2001
1946
1949
1956
2002
2016
2986
1946
1959
2016
3009
1951
1958
3010
1948
1952
1957
2006
1949
1950
1953
2007
2987
1951
1957
2008
3013
1951
1952
1954
3016
1960
3017
1955
1960
1954
2013
2989
1955
3030
1957
1958
2034
2070
1960
2036
1959
1960
2070
1965
1968
1969
1970
1990
3258
1975
1976
1977
3259
1967
1968
1971
1973
1974
1976
1978
1979
1991
2090
3260
1966
1982
1983
1984
3261
1988
1992
2018
2019
3265
1989
2024
2025
3268
1971
1972
1973
1981
2114
1971
1973
1994
3315
1971
1972
1982
1988
3316
1972
1973
1996
2019
2115
1985
3317
1986
2020
2116
1997
2117
1978
1979
1980
1981
2100
1979
1980
2101
1978
1979
3322
1978
1980
1983
3323
1985
3324
2102
1987
2103
1985
1986
1987
2107
1985
1986
1989
3329
1985
1987
3330
1986
1987
2024
2108
3331
2026
2109
2110
1989
2020
2021
3358
2026
2027
3378
1992
1994
1995
1996
3411
1993
1994
1997
1998
2137
3413
2000
2029
2031
3416
1997
1998
1999
2143
1997
1998
3447
1998
1999
2000
3448
1997
1999
2031
2144
2145
3450
2146
3463
2006
2013
2015
2067
2003
2005
2008
2034
3364
2004
2016
2057
3266
2005
2025
2059
3365
2011
2027
2058
3366
2007
2012
2036
2064
2008
2010
2013
3267
2011
2036
3372
2011
2012
2017
2036
2058
2065
2011
2012
2014
2018
3371
2021
3373
2015
2022
2066
2014
3270
2015
2029
3400
2030
2069
2070
3006
2020
2021
2022
2023
2120
2021
2022
2029
3357
2020
2022
2031
2121
2026
2122
2027
3360
2030
2123
2026
2027
2028
2053
2058
2026
2028
2054
2027
2028
3379
2055
3381
2056
2059
2030
3395
2031
2125
2147
2038
2043
2045
2047
2040
2043
2050
2051
2056
2036
2046
2057
2058
2037
2039
2060
2062
2064
2063
2042
2067
2071
2073
2173
2042
2074
2075
2078
2071
2079
2080
2184
2074
2082
2084
2119
2136
2148
2085
2087
2150
2044
2049
2071
2045
2048
2050
2061
2072
2046
2062
2073
2047
2048
2063
2049
2057
2049
2053
2058
2065
2056
2059
2052
2053
2079
2124
2052
2054
2080
2106
2055
2081
2105
2118
2055
2056
2120
2055
2056
2108
2109
2122
2059
2070
2059
2061
2066
2074
2119
2062
2065
2077
2124
2063
2078
2064
2065
2066
2067
2066
2120
2069
2123
2068
2069
2125
2072
2175
2073
2077
2079
2172
2078
2174
2076
2077
2085
2076
2150
2177
2148
2151
2176
2078
2082
2176
2177
2081
2082
2182
2081
2131
2183
2083
2130
2185
2083
2124
2186
2084
2118
2134
2187
2092
2133
2149
2155
2086
2136
2151
2087
2135
2152
2093
2097
2099
2101
2091
2094
2098
2104
2105
2107
2091
2095
2097
2098
2100
2102
2111
2114
2117
2137
2096
2111
2113
2114
2112
2118
2119
2121
2139
2126
2128
2179
2096
2127
2129
2130
2188
2096
2126
2127
2132
2153
2156
2158
2178
2180
2132
2134
2156
2098
2102
2126
2099
2100
2127
2103
2104
2128
2102
2103
2107
2102
2103
2110
2106
2110
2129
2106
2109
2113
2130
2108
2131
2109
2110
2114
2109
2110
2116
2112
2117
2132
2140
2113
2115
2133
2141
2116
2118
2134
2116
2117
2116
2117
2121
2144
2122
2145
2122
2124
2123
2124
2122
2123
2124
2122
2123
2147
2125
2147
2127
2180
2128
2178
2129
2181
2131
2190
2131
2134
2191
2189
2133
2158
2162
2134
2157
2163
2159
2136
2169
2155
2171
2138
2140
2143
2145
2153
2140
2142
2143
2154
2141
2147
2155
2141
2145
2162
2142
2144
2163
2146
2164
2145
2146
2145
2146
2147
2149
2171
2186
2157
2170
2187
2151
2152
2171
2154
2162
2165
2167
2162
2164
2165
2163
2169
2170
2158
2159
2188
2158
2159
2166
2167
2187
2191
2161
2165
2168
2163
2167
2164
2166
2168
2169
2167
2168
2167
2168
2170
2171
2174
2175
2176
2182
2174
2175
2177
2184
2177
2186
2180
2181
2188
2180
2181
2190
2184
2185
2186
2184
2185
2189
2187
2191
2187
2190
2191
2190
2191
2198
2200
2213
2235
3158
2201
2203
2205
2236
2197
2209
2210
2211
2237
2197
2200
2201
2202
2204
2207
2238
2197
2202
2203
2204
2206
2209
2239
2199
2240
2199
2211
2214
2241
3155
2200
2211
2212
2242
2215
2243
2202
2207
2248
2203
2204
2249
2206
2250
2206
2207
2206
2207
2209
2210
2255
2256
2211
2257
2212
2214
2262
3156
2214
2215
2214
2215
3160
3161
2217
2218
2713
2715
2219
2710
2221
2711
2221
2222
3172
3174
2223
3168
3170
2226
2227
2240
2244
2258
2314
2229
2230
2231
2315
2228
2230
2232
2233
2239
2261
2316
2228
2231
2232
2234
2238
2246
2317
2232
2233
2234
2251
2233
2234
2252
2232
2233
2446
2232
2234
2447
2448
2253
2254
2241
2243
2245
3083
2248
2250
2252
2240
2256
2257
2258
2262
2240
2243
2248
2249
2251
2254
2240
2249
2250
2251
2253
2256
2242
2242
2247
2262
3080
2243
2244
2262
2246
2246
2247
2262
2384
2246
2247
2385
3086
2386
2262
2387
3085
2249
2254
2250
2251
2253
2253
2254
2253
2254
2256
2257
2259
2267
2261
2260
2262
2266
2260
2261
2262
2391
2260
2261
2271
2392
2262
2269
2393
2394
2263
2288
3081
2264
2265
2266
2269
2270
2273
2276
2278
2539
2630
2266
2268
2270
2557
2273
2274
2276
2631
2267
2269
2268
2271
2272
2553
2270
2271
2540
2272
2551
2559
2272
2562
2555
2564
2275
2278
2557
2275
2277
2632
2279
2554
2277
2278
2541
2635
2279
2566
2636
2279
2551
2568
2556
2571
2354
2355
2356
2319
2360
2362
2364
2286
2367
2369
2371
3134
2287
2304
2310
2367
2423
2424
2427
2429
2285
2288
2322
2368
2369
2370
2372
2374
2377
2379
2604
2605
2606
2609
3097
2289
2323
2374
2375
2377
2381
2383
2385
3067
2311
2317
2381
2437
2438
2441
2443
2289
2382
2383
2384
2387
2389
2391
2393
2539
3064
2388
2389
2393
2560
2294
2295
2296
2297
2307
2601
2396
2397
2398
2611
2298
2403
2404
2405
2308
2410
2411
2412
2301
2309
2402
2404
2406
2407
2409
2411
2413
2414
2310
2395
2397
2399
2400
2409
2412
2413
2415
2614
2302
2395
2398
2399
2401
2402
2405
2406
2408
2615
2301
2302
2303
2379
2606
2417
2418
2419
2302
2303
2327
2360
2361
2363
2366
2607
2301
2303
2329
2361
2362
2363
2365
2376
2380
2416
2418
2420
2421
2416
2419
2420
2422
2608
2332
2374
2609
2306
2307
2311
2368
2377
2312
2424
2425
2426
2309
2313
2378
2423
2425
2427
2428
2309
2310
2370
2379
2431
2432
2433
2380
2430
2432
2434
2435
2373
2430
2433
2434
2436
2313
2314
2382
2389
2438
2439
2440
2316
2390
2437
2439
2441
2442
2316
2317
2384
2391
2445
2446
2447
2394
2444
2446
2448
2449
2386
2444
2447
2448
2450
2322
2332
2451
2452
2454
2609
2456
2458
2460
2464
2465
2466
2726
2471
2472
2473
2323
2324
2451
2454
2477
2480
2482
2485
2488
2539
2649
2650
2652
2477
2478
2482
2560
2484
2488
2565
2650
2665
2491
2492
2493
2542
2330
2331
2332
2339
2454
2480
2331
2332
2452
2456
2457
2459
2462
2340
2498
2499
2500
2330
2332
2457
2458
2459
2461
2479
2343
2483
2497
2499
2501
2502
2345
2455
2497
2500
2501
2503
2477
2337
2338
2339
2454
2485
2647
2338
2463
2464
2468
2469
2647
2648
2727
2341
2505
2506
2507
2337
2463
2466
2467
2469
2486
2647
2729
2344
2489
2504
2506
2508
2509
2345
2455
2504
2507
2508
2510
2343
2344
2345
2346
2512
2513
2514
2519
2520
2521
2347
2526
2527
2528
2351
2511
2513
2515
2516
2525
2527
2529
2530
2352
2518
2520
2522
2523
2525
2528
2529
2531
2511
2514
2515
2517
2518
2521
2522
2524
2350
2351
2352
2480
2485
2533
2534
2535
2350
2351
2481
2490
2492
2494
2495
2545
2350
2352
2487
2490
2493
2494
2496
2546
2482
2488
2548
2483
2532
2534
2536
2537
2489
2532
2535
2536
2538
2357
2358
2359
2395
2402
2409
2358
2359
2396
2357
2359
2403
2357
2358
2410
2407
2414
2400
2415
2401
2408
2361
2366
2456
2362
2363
2457
2365
2458
2365
2366
2416
2365
2366
2417
2421
2422
2368
2373
2381
2369
2370
2382
2372
2383
3135
2372
2373
2601
2372
2373
2613
3131
2602
3095
2614
2376
2379
2477
2376
2378
2388
2478
2380
2479
2378
2379
2389
2380
2390
2380
2382
2386
2383
2384
2387
3068
2386
2387
2386
2387
3069
3063
2390
2392
2558
2390
2391
2394
2393
2394
2393
2394
2562
2540
2399
2400
2401
2400
2401
2399
2400
2625
2399
2401
2626
2627
2406
2407
2408
2407
2408
2406
2407
2418
2406
2408
2419
2420
2413
2414
2415
2414
2415
2413
2414
2432
2413
2415
2433
2434
2420
2421
2422
2421
2422
2420
2421
2420
2422
2427
2428
2429
2430
2427
2429
2438
2427
2428
2439
2428
2429
2431
2441
2435
2436
2434
2435
2436
2435
2436
2434
2435
2434
2436
2441
2442
2443
2444
2441
2443
2441
2442
2442
2443
2445
2449
2450
2448
2449
2450
2449
2450
2448
2449
2448
2450
2453
2605
2649
2659
2453
2455
2607
2600
2648
2651
2455
2649
2648
2457
2462
2458
2459
2461
2461
2462
2497
2461
2462
2498
2502
2503
2467
2468
2469
2504
2468
2469
2733
2467
2468
2505
2467
2469
2735
2509
2510
2738
2474
2475
2476
2511
2518
2525
2474
2476
2512
2475
2476
2519
2474
2475
2526
2516
2530
2523
2531
2517
2524
2479
2480
2479
2481
2558
2483
2482
2483
2482
2483
2561
2563
2486
2487
2567
2653
2488
2489
2650
2489
2650
2664
2488
2489
2569
2570
2494
2495
2496
2532
2495
2496
2533
2494
2495
2573
2494
2496
2574
2576
2537
2538
2501
2502
2503
2502
2503
2501
2502
2513
2501
2503
2514
2515
2508
2509
2510
2509
2510
2508
2509
2520
2508
2510
2521
2522
2515
2516
2517
2516
2517
2515
2516
2515
2517
2522
2523
2524
2523
2524
2522
2523
2522
2524
2529
2530
2531
2530
2531
2529
2530
2534
2529
2531
2535
2536
2536
2537
2538
2537
2538
2536
2537
2536
2538
2540
2541
2559
2560
2563
2565
2568
2570
2670
2559
2560
2562
2565
2566
2568
2671
2573
2574
2575
2579
2581
2583
2548
2549
2550
2551
2559
2568
2548
2549
2561
2572
2573
2576
2577
2548
2550
2569
2572
2574
2576
2578
2552
2587
2588
2589
2563
2570
2555
2564
2586
2588
2590
2591
2556
2571
2586
2589
2590
2592
2555
2556
2557
2594
2595
2596
2555
2557
2579
2580
2582
2584
2556
2557
2580
2581
2582
2585
2593
2595
2597
2598
2593
2596
2597
2599
2560
2561
2562
2563
2564
2563
2563
2564
2564
2567
2570
2672
2567
2571
2673
2569
2674
2570
2571
2570
2571
2576
2577
2578
2586
2576
2577
2576
2578
2577
2578
2587
2591
2592
2580
2584
2581
2582
2585
2584
2585
2593
2584
2585
2594
2598
2599
2590
2591
2592
2591
2592
2590
2591
2595
2590
2592
2596
2597
2597
2598
2599
2598
2599
2597
2598
2597
2599
2603
2605
2607
3094
2602
2606
2614
2615
2604
2612
2613
3106
2604
2608
2612
3120
2605
2606
3121
2609
3122
2608
2609
2608
2609
2615
2616
2618
2620
3093
2624
2625
2626
2615
2617
2618
2619
2622
3104
2614
2616
2617
2619
2621
3105
2623
2625
2627
2628
2623
2626
2627
2629
2617
2621
3109
2618
2619
3110
2622
3111
2621
2622
2623
2621
2622
2624
2628
2629
2627
2628
2629
2628
2629
2627
2628
2627
2629
2631
2633
2635
2637
2639
2640
2641
2642
2670
2700
3081
2632
2633
2635
2701
2634
2636
2702
2634
2637
2646
2703
2638
2644
2704
2636
2637
2671
2638
2673
2638
2643
2677
2645
2678
2640
2642
2709
3166
2641
2691
3092
2642
2643
2690
2646
2712
2645
2646
2694
2645
2646
2714
2695
2716
2649
2650
2655
2649
2658
2662
2668
2657
2658
2659
3094
2656
2659
2660
2662
2663
2665
2668
2669
2670
2682
2683
2698
2699
3097
2664
2665
2666
2674
2655
2656
2663
2679
2730
2731
2662
2668
2727
2729
2660
2661
2662
2680
2660
2661
2696
3124
2661
2662
2727
2660
2662
3122
2697
3125
2681
2731
2667
2668
2669
2684
2667
2668
2729
2668
2669
2672
2667
2669
2675
2685
2686
2730
2676
2687
2671
2672
2676
2677
2688
2689
2690
2691
3064
2672
2673
2677
2674
2676
2674
2678
2675
2676
2678
2692
2677
2693
2678
2694
2695
2680
2684
2771
2966
2967
2681
2682
2697
2794
2696
2793
2967
2683
2684
2699
2750
2687
2689
2698
2795
2686
2687
2751
2686
2687
2692
2797
2796
2966
2693
2798
2689
2691
2698
2725
3077
2690
2693
2919
2691
2694
3079
2693
2695
2921
2694
2920
2695
2697
2984
3117
2699
2997
3118
2699
3034
3138
2998
3140
2701
2703
2705
2707
2709
2710
2711
2712
3156
2702
2703
2705
2704
2706
2704
2707
2716
2708
2714
2706
2707
2708
2708
2713
2715
2711
2712
3173
2711
2712
2713
3174
2716
2715
2716
2715
2716
2718
2720
2722
2725
3035
3233
2719
2724
3036
3057
3234
2720
2723
2897
3037
3058
2721
2725
2909
3038
2722
2723
2725
2914
2724
2725
3235
2724
2915
3060
3061
3239
2919
3034
3250
2733
2734
2735
2731
2732
2733
2737
2738
2740
2741
2742
2965
2730
2732
2735
2736
2738
2739
2741
2743
2744
2966
2739
2742
2743
2745
2967
2736
2737
2738
2739
2737
2738
2736
2737
2740
2736
2738
2744
2745
2743
2744
2745
2744
2745
2743
2744
2977
2743
2745
2978
2979
2749
2752
2773
2774
2775
2748
2750
2753
2780
2781
2782
2751
2760
2787
2788
2789
2771
2773
2774
2777
2793
2967
2968
2969
2972
2974
2751
2780
2781
2785
2794
2795
2998
2771
2787
2788
2792
2796
2798
2793
2800
2801
2802
2760
2794
2807
2808
2809
2763
2767
2814
2815
2816
2766
2821
2822
2823
2763
2828
2829
2830
2764
2835
2836
2837
2765
2827
2829
2832
2833
2834
2836
2838
2839
2766
2842
2843
2844
2771
2849
2850
2851
2856
2857
2858
2963
2765
2768
2848
2850
2853
2854
2855
2857
2859
2860
2964
2769
2863
2864
2865
2870
2871
2872
2770
2862
2864
2867
2868
2869
2871
2873
2874
2877
2878
2879
2769
2884
2885
2886
2770
2786
2787
2790
2792
2796
2905
2891
2892
2893
2890
2893
2894
2896
2908
2794
2849
2850
2854
2964
2776
2777
2778
2848
2855
2876
2776
2777
2801
2849
2777
2778
2856
2776
2778
2802
2877
2803
2852
2880
2854
2859
2861
2882
2783
2784
2785
2883
2939
3020
2783
2785
2808
3021
2784
2785
2788
2940
2783
2784
2789
2809
2884
2811
2887
3024
2791
2889
2941
2942
3025
2790
2791
2792
2890
2951
2790
2792
2850
2791
2792
2952
2790
2791
2851
2891
2853
2894
2895
2954
2955
2794
2800
2801
2804
2984
2807
2808
2812
2997
2798
2919
2936
2938
2940
2942
3034
2797
2964
2798
2905
2921
2920
2949
2950
2952
2955
2803
2804
2805
2806
2820
2990
2804
2805
2991
2803
2804
2807
2803
2805
2821
2810
2825
2812
2994
2826
2995
2810
2811
2812
2813
2999
2810
2812
2849
2811
2812
3001
2810
2811
2814
2851
2818
2852
2819
3003
3004
2817
2818
2819
2820
3014
2818
2819
2863
2884
2817
2819
2886
3016
2817
2818
2822
2865
2824
3017
2825
2866
2887
3018
2824
2825
2826
3007
2825
2826
2877
2824
2825
2878
2824
2826
3009
3010
2880
3011
2831
2832
2833
2841
2831
2833
2832
2833
2864
2831
2832
2842
2865
2845
2846
2867
2838
2839
2840
2841
2839
2840
2838
2839
2871
2838
2840
2844
2872
2846
2873
2847
2845
2846
2847
2845
2846
2878
2845
2847
2846
2847
2879
2881
2852
2853
2854
2862
2852
2854
2853
2854
2852
2853
2863
2866
2868
2859
2860
2861
2869
2859
2861
2969
2859
2860
2970
2860
2861
2870
2972
2874
2875
2866
2867
2868
2876
2866
2868
2891
2867
2868
2893
2866
2867
2878
2880
2881
2894
2873
2874
2875
2876
2874
2875
2873
2874
2873
2875
2879
2881
2882
2880
2881
2882
2880
2882
2880
2881
2881
2882
2887
2888
2889
2945
3028
2887
2889
2891
2888
2889
2892
2946
2887
2888
3030
3031
2947
3032
2895
2948
2894
2895
2896
2958
2894
2895
2895
2896
2959
2894
2896
2961
2962
2903
2909
2912
2915
3052
2901
2904
2916
2918
3051
2902
2905
2921
2925
2926
2927
2928
2910
2920
2922
2924
2926
2907
2929
2931
2933
2908
2929
2930
2934
2935
2936
2937
2939
2943
3037
2907
2944
2946
3055
2908
2950
2951
2953
2955
2923
2937
2949
2953
2954
2957
2956
2957
2959
2956
2958
2960
2962
2913
2914
2919
2936
2911
2913
2914
2919
2912
2915
2917
2922
2913
2918
2923
2937
2919
2924
2938
2915
2919
3054
2917
2931
3053
2918
2932
3054
2933
2944
3052
2920
2921
2924
2925
2926
2923
2927
2932
2924
2928
2933
2925
2949
2926
2928
2950
2927
2928
2934
2935
2953
2930
2935
2956
2931
2934
2932
2933
2934
2935
2957
2935
2960
2938
2942
3038
2938
2941
2944
2940
2949
2941
2942
2945
3041
2941
2942
2952
2948
2954
3042
2944
2945
3044
3052
3055
2948
2957
2947
2948
3047
2947
2948
2959
2982
3055
2961
2950
2952
2953
2955
2953
2954
2955
2958
2954
2955
2960
2961
2960
2962
2960
2961
2960
2961
2962
2961
2962
2969
2970
2971
2966
2968
2970
2972
2973
2976
2977
2978
2975
2977
2979
2980
2975
2978
2979
2981
2972
2973
2974
2975
2972
2974
2972
2973
2973
2974
2976
2980
2981
2979
2980
2981
2980
2981
2979
2980
2979
2981
3032
3046
3047
3049
2984
2991
2992
2993
3263
2991
2992
2994
2997
3296
2988
2997
3000
3001
3002
3264
3006
3010
3012
3013
3364
2989
3013
3015
3016
3267
2998
3021
3022
3023
3269
3027
3029
3030
3270
2994
2995
2996
2999
3007
2994
2995
2994
2996
3000
3343
2995
2996
3008
3344
3004
3011
3005
3012
3347
2998
3000
3001
3004
3297
3021
3022
3025
3034
3298
3003
3004
3005
3014
3004
3005
3350
3003
3004
3021
3003
3005
3015
3023
3351
3018
3024
3019
3354
3008
3009
3266
3010
3011
3012
3014
3011
3012
3363
3010
3011
3017
3019
3368
3017
3019
3372
3017
3018
3019
3018
3019
3029
3370
3017
3018
3030
3031
3375
3024
3025
3026
3028
3041
3024
3025
3025
3026
3039
3388
3024
3026
3029
3390
3031
3042
3033
3040
3393
3032
3033
3046
3401
3031
3032
3033
3047
3031
3033
3399
3031
3032
3045
3404
3035
3038
3039
3042
3429
3036
3038
3039
3472
3037
3040
3043
3473
3038
3041
3044
3042
3040
3042
3474
3041
3045
3475
3042
3047
3044
3045
3057
3062
3480
3047
3049
3058
3046
3047
3481
3062
3482
3049
3050
3051
3056
3058
3055
3062
3053
3059
3060
3052
3053
3055
3054
3058
3054
3060
3057
3059
3062
3486
3058
3061
3488
3060
3061
3491
3061
3494
3487
3064
3068
3069
3070
3085
3066
3068
3070
3076
3077
3078
3079
3081
3097
3066
3067
3071
3072
3132
3068
3070
3073
3133
3068
3069
3134
3135
3071
3086
3071
3074
3087
3075
3088
3073
3075
3127
3185
3074
3076
3128
3229
3075
3078
3089
3230
3090
3231
3077
3078
3096
3186
3079
3138
3250
3079
3091
3232
3092
3249
3081
3082
3083
3085
3155
3082
3085
3087
3091
3092
3156
3166
3167
3084
3087
3157
3165
3084
3086
3158
3088
3159
3164
3086
3087
3088
3088
3089
3090
3090
3091
3165
3164
3092
3167
3166
3109
3111
3113
3120
3122
3124
3097
3106
3131
3135
3136
3097
3128
3138
3139
3428
3121
3122
3123
3125
3133
3135
3136
3138
3139
3140
3100
3101
3102
3116
3129
3272
3103
3142
3143
3144
3107
3130
3141
3143
3145
3146
3273
3108
3119
3141
3144
3145
3147
3271
3106
3107
3108
3123
3136
3149
3150
3151
3106
3108
3110
3111
3112
3115
3120
3106
3107
3109
3110
3112
3114
3131
3121
3137
3148
3150
3152
3153
3126
3148
3151
3152
3154
3110
3114
3111
3112
3115
3114
3115
3148
3114
3115
3149
3153
3154
3118
3119
3123
3139
3295
3118
3119
3124
3296
3125
3140
3297
3126
3254
3121
3126
3122
3123
3125
3125
3126
3125
3126
3128
3130
3132
3407
3129
3133
3425
3130
3136
3139
3426
3137
3427
3134
3137
3133
3134
3137
3135
3136
3135
3137
3140
3429
3140
3430
3298
3145
3146
3147
3288
3146
3147
3291
3145
3146
3150
3145
3147
3151
3152
3293
3294
3152
3153
3154
3153
3154
3152
3153
3152
3154
3156
3157
3158
3161
3157
3161
3162
3172
3173
3174
3175
3159
3162
3171
3159
3160
3163
3169
3161
3163
3162
3163
3168
3170
3165
3169
3167
3171
3167
3173
3175
3170
3171
3172
3170
3171
3175
3174
3175
3174
3175
3177
3178
3179
3185
3187
3190
3193
3405
3194
3196
3198
3200
3412
3187
3188
3193
3229
3432
3181
3203
3204
3207
3231
3183
3195
3196
3197
3414
3187
3201
3203
3204
3230
3186
3188
3208
3210
3212
3406
3216
3217
3218
3417
3201
3208
3222
3224
3227
3232
3229
3231
3407
3208
3209
3210
3229
3232
3250
3428
3189
3190
3229
3189
3191
3229
3408
3192
3201
3208
3229
3192
3193
3194
3204
3192
3193
3197
3212
3434
3199
3206
3213
3200
3437
3198
3199
3200
3198
3199
3216
3198
3200
3455
3199
3200
3217
3453
3219
3458
3202
3206
3230
3203
3205
3222
3230
3207
3230
3206
3207
3206
3207
3226
3227
3209
3213
3210
3211
3224
3240
3214
3236
3419
3213
3214
3215
3225
3238
3213
3214
3217
3421
3219
3227
3221
3237
3424
3219
3220
3221
3492
3219
3220
3219
3221
3466
3220
3221
3468
3490
3493
3471
3489
3223
3226
3232
3224
3228
3232
3242
3225
3232
3243
3227
3228
3245
3227
3228
3247
3230
3425
3231
3232
3249
3234
3235
3236
3250
3472
3237
3239
3473
3488
3239
3240
3244
3250
3237
3240
3250
3476
3238
3477
3489
3239
3240
3245
3492
3248
3494
3243
3250
3242
3244
3246
3249
3243
3247
3249
3244
3245
3249
3248
3249
3247
3248
3247
3248
3250
3429
3253
3275
3276
3277
3254
3255
3282
3283
3284
3289
3290
3291
3271
3282
3283
3286
3295
3296
3271
3300
3301
3302
3262
3272
3307
3308
3309
3409
3260
3273
3274
3276
3278
3279
3306
3308
3311
3312
3410
3265
3314
3315
3316
3411
3321
3322
3323
3313
3315
3317
3319
3320
3322
3324
3325
3413
3268
3328
3329
3330
3295
3335
3336
3337
3415
3296
3342
3343
3344
3269
3297
3349
3350
3351
3356
3357
3358
3416
3363
3364
3365
3270
3370
3371
3372
3377
3378
3379
3298
3388
3389
3390
3399
3400
3401
3272
3288
3289
3292
3294
3300
3301
3304
3273
3295
3307
3308
3312
3426
3288
3290
3292
3293
3427
3278
3279
3280
3299
3320
3278
3280
3289
3300
3278
3279
3290
3279
3280
3321
3292
3304
3325
3305
3326
3285
3286
3287
3334
3341
3376
3285
3286
3301
3335
3286
3287
3342
3285
3287
3302
3377
3303
3338
3380
3340
3345
3346
3382
3292
3293
3294
3292
3294
3292
3293
3293
3294
3297
3335
3336
3340
3430
3297
3342
3343
3345
3298
3349
3350
3353
3388
3389
3392
3429
3430
3303
3304
3305
3306
3327
3304
3305
3303
3304
3307
3303
3305
3328
3310
3332
3312
3333
3310
3311
3312
3313
3310
3312
3335
3311
3312
3440
3310
3311
3314
3337
3441
3318
3338
3319
3442
3317
3318
3319
3327
3318
3319
3356
3446
3317
3319
3447
3317
3318
3329
3358
3331
3332
3359
3449
3324
3325
3326
3327
3325
3326
3324
3325
3324
3326
3330
3331
3333
3331
3332
3333
3332
3333
3377
3331
3332
3378
3331
3333
3380
3338
3339
3340
3348
3355
3338
3340
3339
3340
3349
3384
3338
3339
3356
3460
3359
3352
3361
3385
3353
3345
3346
3347
3348
3362
3345
3346
3345
3347
3350
3346
3347
3363
3353
3367
3354
3368
3352
3353
3354
3369
3352
3353
3389
3353
3354
3352
3354
3370
3390
3374
3391
3375
3359
3360
3361
3369
3376
3359
3361
3462
3360
3361
3371
3395
3359
3360
3378
3380
3373
3381
3374
3396
3366
3367
3368
3369
3376
3367
3368
3366
3368
3372
3366
3367
3379
3373
3381
3382
3375
3373
3374
3375
3374
3375
3399
3373
3374
3400
3373
3375
3402
3380
3381
3382
3380
3382
3380
3381
3381
3382
3385
3386
3387
3394
3418
3461
3385
3386
3389
3415
3430
3391
3396
3460
3392
3423
3430
3459
3391
3392
3393
3398
3478
3392
3393
3474
3391
3392
3391
3393
3399
3402
3479
3404
3475
3396
3397
3398
3464
3465
3396
3397
3400
3416
3402
3462
3403
3463
3470
3402
3403
3404
3484
3402
3404
3402
3403
3403
3404
3482
3485
3481
3407
3410
3412
3431
3432
3436
3437
3408
3419
3420
3421
3428
3425
3427
3425
3432
3433
3434
3415
3426
3439
3440
3441
3413
3427
3438
3440
3442
3444
3416
3446
3447
3448
3413
3452
3455
3456
3458
3445
3447
3449
3450
3417
3453
3454
3455
3430
3459
3460
3462
3463
3466
3467
3468
3422
3423
3424
3465
3478
3423
3424
3428
3476
3422
3423
3428
3433
3459
3422
3424
3434
3466
3435
3461
3469
3428
3479
3471
3477
3426
3428
3432
3433
3436
3427
3430
3439
3440
3444
3429
3430
3472
3474
3476
3479
3459
3435
3436
3437
3438
3452
3436
3437
3435
3436
3439
3435
3437
3453
3443
3457
3444
3458
3442
3443
3444
3445
3443
3444
3459
3442
3444
3442
3443
3446
3460
3449
3451
3461
3449
3450
3451
3452
3449
3451
3462
3449
3450
3450
3451
3454
3463
3456
3457
3464
3456
3457
3458
3457
3458
3466
3456
3457
3467
3456
3458
3469
3461
3461
3462
3464
3464
3464
3467
3469
3469
3470
3471
3484
3469
3471
3469
3470
3470
3471
3495
3485
3483
3473
3474
3476
3475
3477
3480
3475
3479
3478
3481
3477
3479
3478
3483
3479
3484
3481
3483
3487
3488
3482
3484
3485
3487
3484
3489
3495
3485
3495
3487
3488
3490
3491
3495
3489
3494
3490
3492
3493
3495
3493
3494
3493
3494
)


// ************************************************************************* //
