/*--------------------------------*- C++ -*----------------------------------*\
| =========                 |                                                 |
| \\      /  F ield         | OpenFOAM: The Open Source CFD Toolbox           |
|  \\    /   O peration     | Version:  dev                                   |
|   \\  /    A nd           | Web:      www.OpenFOAM.org                      |
|    \\/     M anipulation  |                                                 |
\*---------------------------------------------------------------------------*/
FoamFile
{
    version     2.0;
    format      ascii;
    class       regIOobject;
    location    "constant/polyMesh";
    object      faceZones;
}
// * * * * * * * * * * * * * * * * * * * * * * * * * * * * * * * * * * * * * //

50
(
LBo10
{
    type faceZone;
faceLabels      List<label> 6(6403 6411 6415 6543 6556 6559);
flipMap         List<bool> 6{0};
}

Y0Z09
{
    type faceZone;
faceLabels      0();
flipMap         0();
}

Y0Z07
{
    type faceZone;
faceLabels      0();
flipMap         0();
}

Y0Z13
{
    type faceZone;
faceLabels      List<label> 
12
(
6453
6459
6490
6512
6514
6515
6577
6586
6588
6595
6598
6600
)
;
flipMap         List<bool> 
12
(
1
1
1
1
1
1
1
0
1
0
1
1
)
;
}

Y0Z15
{
    type faceZone;
faceLabels      List<label> 3(10625 10644 10646);
flipMap         List<bool> 3{1};
}

Y2Z00
{
    type faceZone;
faceLabels      0();
flipMap         0();
}

Y1Z10
{
    type faceZone;
faceLabels      0();
flipMap         0();
}

LBo21
{
    type faceZone;
faceLabels      List<label> 8(8390 8412 8458 8475 8482 8489 8494 8495);
flipMap         List<bool> 8(0 0 0 0 1 1 1 1);
}

Y1Z04
{
    type faceZone;
faceLabels      0();
flipMap         0();
}

Y1Z06
{
    type faceZone;
faceLabels      0();
flipMap         0();
}

Y1Z07
{
    type faceZone;
faceLabels      0();
flipMap         0();
}

Y0Z05
{
    type faceZone;
faceLabels      0();
flipMap         0();
}

Y1Z12
{
    type faceZone;
faceLabels      List<label> 
24
(
5557
5631
5739
5748
5806
5811
5826
5835
5863
5887
5894
5899
5908
5912
5914
5921
5928
5932
7224
7234
7239
7250
7255
7260
)
;
flipMap         List<bool> 
24
(
1
0
1
1
1
1
1
1
1
1
0
1
1
0
1
0
0
1
0
1
0
1
0
1
)
;
}

Y2Z04
{
    type faceZone;
faceLabels      List<label> 
30
(
7067
7069
7072
7075
7078
7080
7151
7169
7172
7231
7243
7263
7269
7278
7284
7302
7307
7309
7312
7315
7343
7348
7352
7365
7367
7369
7388
7394
7398
7401
)
;
flipMap         List<bool> 
30
(
0
0
0
0
0
0
1
1
1
1
1
1
1
0
0
0
0
1
1
1
0
1
1
0
0
0
0
0
1
0
)
;
}

wNE
{
    type faceZone;
faceLabels      List<label> 
778
(
1
14
19
47
53
62
66
82
87
108
114
125
130
138
147
149
157
162
194
209
212
215
283
288
294
299
303
306
313
319
326
330
334
338
342
345
349
374
390
407
412
416
425
474
481
485
539
542
548
557
562
566
598
601
617
637
642
645
649
673
682
687
692
717
721
727
730
748
753
755
765
769
775
781
786
788
798
801
816
826
860
879
902
916
935
939
947
960
966
977
981
985
987
994
1014
1022
1030
1035
1054
1063
1068
1073
1098
1106
1112
1116
1137
1142
1149
1156
1161
1167
1175
1181
1187
1188
1217
1223
1227
1228
1244
1246
1252
1256
1258
1263
1425
1467
1470
1473
1489
1493
1499
1507
1517
1569
1582
1589
1615
1625
1652
1654
1657
1669
1673
1675
1687
1691
1695
1714
1719
1724
1732
1736
1743
1758
1763
1766
1768
1821
1834
1846
1859
1885
1890
1894
1911
1916
1920
1934
1938
1941
1953
1956
1958
1984
1989
1991
1996
2009
2014
2016
2020
2031
2035
2037
2038
2050
2054
2056
2059
2138
2152
2156
2158
2169
2172
2173
2185
2194
2211
2221
2236
2245
2259
2263
2271
2278
2290
2295
2321
2333
2339
2372
2377
2381
2388
2396
2400
2409
2415
2419
2421
2438
2447
2453
2482
2493
2497
2499
2510
2518
2520
2522
2551
2555
2564
2567
2579
2588
2589
2591
2617
2622
2630
2637
2638
2642
2659
2669
2671
2677
2689
2695
2707
2713
2717
2721
2788
2792
2794
2795
2831
2857
2904
3005
3011
3020
3031
3036
3040
3053
3060
3068
3070
3098
3104
3107
3127
3132
3136
3166
3175
3177
3179
3216
3225
3229
3237
3242
3249
3269
3275
3277
3279
3282
3285
3316
3321
3331
3337
3340
3343
3368
3371
3383
3385
3390
3393
3432
3450
3453
3457
3478
3490
3504
3508
3511
3527
3529
3532
3554
3556
3567
3569
3600
3611
3627
3631
3634
3646
3650
3652
3670
3672
3682
3684
3715
3719
3721
3724
3727
3730
3732
3734
3790
3806
3827
3831
3842
3847
3862
3872
3879
3883
3901
3909
3927
3937
3943
3951
3955
3960
3964
3966
3982
3986
3987
3988
4012
4014
4064
4069
4087
4094
4097
4099
4144
4146
4149
4151
4181
4246
4253
4258
4265
4281
4303
4307
4309
4310
4331
4334
4336
4338
4373
4378
4381
4382
4394
4397
4399
4400
4402
4650
4676
4692
4716
4778
4784
4792
4835
4839
4843
4854
4859
4863
4886
4891
4894
4901
4909
4918
4919
4930
4938
4940
4942
4948
4963
4974
4977
4988
4992
5001
5008
5014
5017
5021
5039
5046
5048
5050
5053
5063
5069
5071
5074
5121
5131
5142
5149
5153
5156
5169
5172
5174
5184
5186
5188
5204
5206
5209
5210
5221
5224
5252
5255
5257
5258
5265
5266
5287
5305
5307
5311
5327
5330
5363
5371
5403
5411
5969
5981
6031
6035
6114
6118
6127
6139
6145
6149
6162
6167
6171
6175
6201
6207
6214
6221
6294
6320
6325
6331
6340
6344
7569
7573
7577
7579
7586
7613
7618
7621
7624
7627
7630
7633
7640
7666
7669
7673
7680
7687
7698
7703
7710
7720
7724
7737
7741
7747
7769
7776
7779
7787
7790
7793
7829
7861
7867
7871
7880
7885
7926
7941
7943
8017
8022
8025
8033
8056
8058
8065
8067
8073
8082
8092
8100
8104
8106
8111
8115
8122
8133
8138
8141
8146
8147
8174
8186
8190
8192
8200
8204
8212
8218
8242
8246
8259
8265
8276
8280
8290
8303
8308
8313
8319
8323
8328
8341
8347
8349
8361
8363
8656
8662
8668
8685
8691
8694
8703
8712
8736
8762
8764
8784
8789
8793
8797
8802
8807
8810
8813
8817
8821
8824
8827
8839
8849
8863
8871
8885
8890
8902
8908
8937
8944
8947
8967
8969
8991
8996
9000
9016
9022
9023
9078
9084
9089
9090
9098
9108
9111
9115
9127
9130
9148
9155
9159
9162
9182
9185
9210
9215
9226
9229
9233
9245
9250
9253
9281
9286
9289
9290
9296
9299
9301
9303
9306
9307
9371
9376
9379
9381
9394
9397
9398
9399
9417
9422
9429
9433
9451
9455
9461
9464
9477
9479
9482
9484
9485
9492
9495
9496
9532
9535
9568
9571
9574
9578
9582
9585
9588
9589
9610
9614
9628
9638
9646
9659
9707
9715
9716
9720
9731
9733
9739
9744
9747
9748
9758
9762
9771
9777
9781
9785
9790
9794
9832
9839
9842
9847
9849
9851
9857
9876
9879
9884
9926
9936
9970
9975
9978
9989
9992
9994
10013
10016
10019
10021
10031
10034
10036
10038
10049
10065
10074
10083
10121
10126
10133
10141
10144
10146
10160
10163
10166
10191
10193
10194
11039
11040
11041
11042
11055
11056
11058
)
;
flipMap         List<bool> 
778
(
1
0
0
1
0
0
0
1
1
1
0
0
0
1
1
0
0
0
1
0
0
0
0
0
0
0
0
0
0
0
0
0
0
0
0
0
0
0
0
0
1
0
0
1
1
0
1
0
0
1
1
0
0
0
0
0
0
0
0
0
0
0
0
0
0
0
0
1
0
0
1
0
0
1
0
0
0
0
0
0
0
0
0
0
1
0
0
0
0
0
0
1
0
0
1
1
1
1
0
0
0
0
1
1
1
1
1
0
0
1
0
0
1
1
1
1
1
1
1
1
1
0
0
1
0
0
1
1
1
1
1
1
1
1
0
1
1
1
0
0
1
1
1
1
1
1
1
1
1
1
1
1
1
1
1
0
0
0
0
1
1
1
1
1
1
1
1
1
1
1
1
1
1
1
1
0
0
0
0
0
0
0
0
0
0
0
0
0
0
0
0
1
1
1
1
0
0
0
0
1
1
0
1
0
0
0
1
1
0
1
1
1
1
0
1
1
1
0
1
0
0
0
0
1
1
1
1
1
1
1
1
1
1
1
1
1
1
1
0
0
0
0
1
1
1
0
0
0
1
0
0
1
1
0
0
0
0
0
1
1
1
1
1
1
1
0
1
1
0
1
1
0
0
0
0
0
0
0
0
1
1
0
0
0
0
0
1
0
1
0
1
1
1
1
1
1
1
0
0
0
0
0
0
0
0
0
0
0
0
0
1
0
0
1
1
1
1
1
1
1
1
0
0
0
0
1
1
1
1
1
1
1
1
0
0
0
0
0
0
0
0
0
0
0
0
1
0
1
1
0
1
0
0
0
0
1
0
1
1
1
0
1
1
1
1
0
0
0
0
1
1
1
1
1
1
1
1
0
0
0
0
0
0
1
0
0
0
0
0
0
0
0
0
0
0
0
0
0
0
0
0
0
0
0
0
0
0
0
1
0
0
1
0
0
1
0
0
1
0
0
1
0
0
0
1
0
0
1
1
1
1
1
0
0
1
1
0
1
0
0
0
0
0
0
0
0
0
0
0
0
0
0
0
0
0
0
0
0
0
0
1
1
0
0
1
1
1
1
0
0
1
1
1
1
1
0
1
1
0
0
0
0
1
0
1
1
0
1
1
1
0
1
0
0
0
0
1
0
1
0
1
0
1
1
1
0
0
0
0
0
1
1
1
0
0
0
0
0
1
1
1
0
0
0
0
0
0
0
1
0
0
0
0
0
1
0
0
0
0
0
1
0
0
1
0
0
0
0
0
0
0
1
0
0
1
1
0
0
1
1
0
1
1
0
0
0
0
0
0
0
1
0
0
0
1
0
0
0
0
0
0
1
1
1
0
1
1
0
1
1
0
0
0
0
0
0
0
0
1
0
1
1
1
0
1
1
0
0
0
0
0
0
0
0
0
0
0
0
1
1
0
1
1
1
1
0
1
1
1
0
0
1
1
0
1
1
0
1
1
1
0
1
0
0
0
0
0
1
1
1
1
0
0
1
1
1
1
1
1
1
1
0
0
0
0
0
0
0
0
0
0
1
1
1
1
0
0
0
0
1
0
1
1
1
0
1
1
0
0
0
0
0
1
1
1
0
0
0
0
0
0
0
0
0
0
1
1
0
1
0
1
0
1
0
1
1
0
1
1
0
1
1
0
1
1
1
0
1
1
0
0
0
0
0
0
0
1
1
1
1
1
1
1
1
1
1
1
0
0
0
0
0
0
0
0
1
1
0
0
0
1
1
0
1
1
1
1
1
1
1
1
1
1
1
1
1
1
1
)
;
}

Y0Z04
{
    type faceZone;
faceLabels      0();
flipMap         0();
}

LBo22
{
    type faceZone;
faceLabels      List<label> 10(7956 7957 7964 7980 8406 8486 8582 8593 8595 8604);
flipMap         List<bool> 10(0 0 1 1 0 1 0 1 1 1);
}

Y0Z00
{
    type faceZone;
faceLabels      0();
flipMap         0();
}

LBu10
{
    type faceZone;
faceLabels      0();
flipMap         0();
}

Y1Z15
{
    type faceZone;
faceLabels      List<label> 4(10622 10632 10648 10650);
flipMap         List<bool> 4{1};
}

Y0Z14
{
    type faceZone;
faceLabels      List<label> 6(6399 6407 6409 10615 10618 10619);
flipMap         List<bool> 6(0 0 1 1 1 1);
}

Y0Z01
{
    type faceZone;
faceLabels      0();
flipMap         0();
}

Y2Z02
{
    type faceZone;
faceLabels      0();
flipMap         0();
}

Y2Z03
{
    type faceZone;
faceLabels      0();
flipMap         0();
}

Y1Z05
{
    type faceZone;
faceLabels      0();
flipMap         0();
}

Y0Z10
{
    type faceZone;
faceLabels      0();
flipMap         0();
}

LBu11
{
    type faceZone;
faceLabels      0();
flipMap         0();
}

Y0Z12
{
    type faceZone;
faceLabels      List<label> 
18
(
5552
5605
5610
5616
5624
5639
5708
5728
5735
5758
5760
5762
5800
5843
5847
5849
5858
5861
)
;
flipMap         List<bool> 
18
(
1
1
0
1
1
0
1
1
1
1
1
1
1
1
1
1
1
1
)
;
}

Y0Z03
{
    type faceZone;
faceLabels      0();
flipMap         0();
}

LBo20
{
    type faceZone;
faceLabels      List<label> 6(8395 8425 8442 8484 8491 8492);
flipMap         List<bool> 6(0 0 0 1 1 1);
}

Y1Z09
{
    type faceZone;
faceLabels      0();
flipMap         0();
}

Y1Z13
{
    type faceZone;
faceLabels      List<label> 
16
(
6387
6433
6436
6445
6487
6495
6498
6561
6567
6569
6575
6580
6689
6696
6830
6838
)
;
flipMap         List<bool> 
16
(
0
0
0
0
1
1
1
1
1
0
0
0
0
0
1
0
)
;
}

Y1Z11
{
    type faceZone;
faceLabels      0();
flipMap         0();
}

Y1Z03
{
    type faceZone;
faceLabels      0();
flipMap         0();
}

Y2Z01
{
    type faceZone;
faceLabels      0();
flipMap         0();
}

Y2Z06
{
    type faceZone;
faceLabels      List<label> 10(6678 6886 6890 6914 6917 10597 10599 10616 10641 10642);
flipMap         List<bool> 10{1};
}

Y1Z08
{
    type faceZone;
faceLabels      0();
flipMap         0();
}

Y0Z11
{
    type faceZone;
faceLabels      0();
flipMap         0();
}

LBu12
{
    type faceZone;
faceLabels      0();
flipMap         0();
}

Y0Z02
{
    type faceZone;
faceLabels      0();
flipMap         0();
}

LBo11
{
    type faceZone;
faceLabels      List<label> 8(6377 6382 6396 6422 6428 6539 6660 6683);
flipMap         List<bool> 8{0};
}

Y1Z01
{
    type faceZone;
faceLabels      0();
flipMap         0();
}

Y1Z00
{
    type faceZone;
faceLabels      0();
flipMap         0();
}

Y1Z02
{
    type faceZone;
faceLabels      0();
flipMap         0();
}

Y2Z07
{
    type faceZone;
faceLabels      List<label> 5(10594 10596 10630 10639 10660);
flipMap         List<bool> 5{1};
}

LBo12
{
    type faceZone;
faceLabels      List<label> 10(6657 6679 6758 6759 6762 6763 6905 6906 6908 6909);
flipMap         List<bool> 10(0 0 1 1 1 1 1 1 1 1);
}

Y0Z06
{
    type faceZone;
faceLabels      0();
flipMap         0();
}

Y0Z08
{
    type faceZone;
faceLabels      0();
flipMap         0();
}

Y1Z14
{
    type faceZone;
faceLabels      List<label> 8(6390 6418 6425 6674 10614 10617 10620 10621);
flipMap         List<bool> 8(0 0 0 0 1 1 1 1);
}

Y2Z05
{
    type faceZone;
faceLabels      List<label> 
20
(
6670
6700
6712
6734
6750
6757
6761
6801
6804
6811
6817
6823
6837
6844
6861
6880
6895
6904
6907
6966
)
;
flipMap         List<bool> 
20
(
0
1
0
0
1
1
1
0
0
1
0
1
1
1
0
0
0
1
1
1
)
;
}
)

// ************************************************************************* //
