/*--------------------------------*- C++ -*----------------------------------*\
| =========                 |                                                 |
| \\      /  F ield         | OpenFOAM: The Open Source CFD Toolbox           |
|  \\    /   O peration     | Version:  dev                                   |
|   \\  /    A nd           | Web:      www.OpenFOAM.org                      |
|    \\/     M anipulation  |                                                 |
\*---------------------------------------------------------------------------*/
FoamFile
{
    version     2.0;
    format      ascii;
    class       labelList;
    note        "nPoints: 4630 nCells: 3480 nFaces: 11493 nInternalFaces: 10232";
    location    "constant/polyMesh";
    object      neighbour;
}
// * * * * * * * * * * * * * * * * * * * * * * * * * * * * * * * * * * * * * //


10232
(
1
8
12
46
102
1006
9
12
21
46
91
160
1531
3
4
14
27
170
419
7
13
73
173
414
6
7
17
42
174
6
7
10
15
108
175
11
45
50
179
16
110
180
10
15
47
89
1013
11
12
32
46
207
11
12
103
208
35
47
211
106
213
14
16
229
422
1033
17
52
418
1034
16
50
228
1037
17
231
1039
50
57
1040
19
20
22
26
1527
1530
21
29
30
34
1533
21
23
26
243
1527
1529
2947
30
32
34
251
1532
24
29
48
1528
1535
25
26
321
1527
2975
25
26
33
39
322
40
325
1528
2976
34
327
28
42
52
342
388
37
44
51
344
387
31
33
49
1544
31
32
46
1546
35
47
55
1547
34
35
366
34
35
43
367
370
45
371
37
38
290
390
1558
2933
41
53
293
389
40
41
283
1560
2967
40
41
43
48
284
288
1559
2968
44
54
289
44
45
57
335
44
45
49
336
56
339
55
341
47
1541
50
1542
49
54
1551
1559
55
56
1552
55
1553
52
53
56
58
1555
57
60
1556
54
59
1558
1562
56
1560
1569
57
1573
57
1576
1577
59
60
387
615
1579
61
385
389
1580
388
418
619
1008
390
394
1558
1581
3019
63
64
68
256
3465
65
255
436
3464
65
66
279
278
438
67
68
280
69
281
69
237
3467
282
3466
71
79
80
82
125
166
709
79
80
81
157
672
73
76
107
230
403
2635
77
110
229
402
75
76
85
90
400
2475
77
86
113
171
404
77
114
406
2477
117
173
405
82
83
84
87
128
82
83
733
82
84
129
183
83
84
184
408
734
132
409
736
88
134
187
86
87
95
401
2454
88
137
196
407
88
138
409
2456
141
199
408
101
102
103
228
1009
95
112
113
114
2479
92
100
102
104
106
1001
2639
98
118
119
121
124
160
2481
99
111
118
120
122
161
96
125
129
130
131
158
136
137
138
2458
126
143
144
145
162
98
127
142
144
146
148
163
149
150
152
155
164
2460
135
149
151
153
165
104
105
106
121
2646
104
105
232
1010
2647
104
106
1003
105
106
108
122
1005
2650
109
123
2651
124
109
110
114
233
2640
109
110
115
228
116
232
2644
117
231
112
113
115
135
156
116
120
136
2483
117
137
177
116
117
2485
116
117
122
175
123
2487
180
119
124
149
210
120
121
150
2480
123
151
2489
123
124
2492
123
124
208
2494
213
126
129
130
132
167
127
143
144
146
168
169
132
133
134
138
132
134
190
132
133
143
133
134
139
145
191
140
147
141
194
136
137
139
159
140
151
2462
141
203
140
141
2464
140
141
153
201
154
2466
206
146
147
148
152
146
147
146
148
216
147
148
153
217
154
155
220
150
155
224
151
152
2459
154
2468
154
155
2471
154
155
222
2473
227
159
161
175
176
177
166
182
183
184
473
162
167
189
190
191
165
201
202
203
164
207
210
212
213
251
165
208
209
210
168
215
216
217
164
169
214
216
218
220
252
221
224
226
227
254
222
223
224
167
182
183
185
278
466
168
189
190
192
279
169
215
216
218
280
281
172
173
174
342
417
172
173
177
196
413
178
198
345
416
180
415
178
179
180
335
179
180
208
178
179
202
209
338
178
180
203
204
340
211
341
185
186
187
188
195
264
185
186
266
512
185
187
190
186
187
411
516
192
268
197
269
517
194
199
192
193
194
200
346
192
193
215
348
192
194
193
194
201
217
350
205
219
352
206
197
198
199
200
360
198
199
203
410
363
411
412
769
204
365
412
206
411
204
205
206
353
205
206
222
204
205
223
356
204
206
358
225
359
211
212
213
366
211
213
211
212
223
369
212
213
224
371
226
372
218
219
220
221
271
218
219
272
218
220
219
220
222
275
225
277
227
225
226
227
373
225
227
225
226
376
226
227
378
379
231
232
1017
230
231
421
1019
233
420
1020
2654
233
1023
233
1024
2641
1027
2653
236
237
240
258
259
260
239
265
266
267
278
506
248
272
273
274
280
256
258
259
261
280
282
3218
241
242
247
284
285
286
255
295
296
297
427
248
256
302
303
304
245
249
309
310
311
245
250
322
323
324
246
251
321
323
326
327
3230
246
252
257
259
261
263
282
3233
253
329
330
331
254
328
330
333
334
3234
249
250
336
337
338
279
347
348
349
253
354
355
356
253
367
368
369
254
366
368
370
372
254
271
273
275
276
281
374
375
376
373
375
377
379
256
278
295
296
298
424
3206
279
302
303
305
3217
261
262
263
328
3269
261
262
303
3270
261
263
273
262
263
274
304
329
3271
306
332
3272
276
334
268
269
270
346
360
268
270
278
296
347
268
269
278
472
269
270
297
361
509
278
350
363
511
300
351
364
275
276
277
373
275
277
280
348
275
276
280
276
277
349
374
280
377
352
378
279
481
280
347
348
350
281
282
3219
287
288
289
290
3060
288
289
322
336
287
289
291
310
337
287
288
311
324
3245
292
312
3246
325
3301
293
339
292
293
393
3058
292
293
317
343
384
318
392
3223
344
391
298
299
300
301
315
3221
298
299
448
3210
298
300
302
299
300
316
450
305
3212
319
452
3213
307
320
305
306
307
308
3250
305
307
347
305
306
3251
306
307
309
349
3252
313
3253
314
351
312
313
314
315
3257
313
314
329
354
312
314
317
355
312
313
331
3258
318
3259
332
3260
320
357
318
319
320
3226
319
320
361
380
455
318
320
362
380
382
3227
382
662
3216
364
325
326
327
3263
325
327
367
326
327
330
368
325
326
331
3264
3303
333
3265
370
332
333
334
3276
332
334
374
333
334
375
332
333
3277
3278
3279
377
339
340
341
342
339
341
367
339
340
343
355
340
341
356
369
344
345
358
371
344
345
399
344
345
362
386
397
365
398
350
351
352
353
350
351
350
352
351
352
354
357
359
357
358
359
360
357
359
374
357
358
362
358
359
376
364
365
378
363
364
365
363
364
381
534
364
365
381
383
539
383
370
371
372
370
371
370
372
375
371
372
376
379
377
378
379
377
378
377
379
378
379
381
382
384
645
383
386
476
392
660
3215
398
412
536
386
391
392
616
394
395
615
626
1090
397
398
617
388
389
397
621
399
419
624
390
391
395
393
396
3118
393
397
630
393
632
3308
3061
3134
396
627
1094
3130
396
621
628
630
625
3061
3131
399
636
399
416
638
417
641
401
404
406
695
2548
407
409
740
2551
403
405
414
421
690
406
420
691
2720
405
407
413
694
406
415
697
698
2550
408
410
739
409
411
742
743
2553
411
412
413
755
765
416
766
415
416
797
415
419
422
798
417
800
417
801
419
823
419
422
819
1253
821
421
832
1193
2783
422
838
1237
840
1241
429
430
434
439
440
443
444
465
3358
427
434
436
446
447
448
481
3361
429
442
443
444
445
464
643
3352
428
440
441
442
646
3353
446
448
450
506
459
461
462
653
3356
431
479
3359
431
432
435
3471
433
3470
433
437
465
479
435
457
458
459
460
482
3360
436
437
3473
438
3472
438
482
481
440
441
443
458
484
444
459
3364
445
461
486
648
444
445
649
3365
444
445
488
3367
490
652
447
451
457
507
448
449
460
3409
452
3407
451
452
462
658
3406
451
452
455
509
456
463
510
662
3408
454
461
521
648
653
654
456
463
524
655
656
456
534
645
662
537
658
659
458
460
463
541
459
461
542
460
3378
462
3379
463
544
463
655
3381
546
468
471
479
487
488
489
490
478
479
482
484
485
488
489
473
481
483
512
513
514
709
485
486
487
491
498
540
480
494
495
496
497
667
753
491
493
497
527
713
758
474
498
499
504
551
757
501
502
503
504
554
643
753
481
505
506
511
512
512
514
516
672
519
520
525
557
771
477
483
513
526
529
531
534
535
536
617
645
482
505
541
543
545
480
483
492
493
495
496
707
480
666
482
505
506
507
483
541
542
543
526
529
530
708
485
486
488
542
489
492
543
490
500
544
489
490
494
501
489
490
496
503
492
494
528
759
493
496
529
495
530
668
496
497
761
496
497
711
716
763
500
501
519
759
500
502
520
575
647
503
521
648
503
504
761
503
504
577
650
652
579
762
507
508
513
507
509
510
541
510
511
515
533
545
510
511
534
537
546
517
539
513
517
514
515
518
526
732
517
518
531
764
517
518
734
765
769
532
737
770
521
522
540
773
521
523
603
654
524
544
524
525
533
545
774
524
525
535
605
656
537
546
538
607
776
530
532
726
528
530
532
727
772
529
531
540
773
530
543
671
532
545
774
730
777
537
538
539
764
537
539
537
538
637
659
538
539
638
766
640
768
769
543
544
545
542
546
543
544
546
546
549
555
559
560
562
3066
550
552
569
570
571
572
1059
3079
556
566
568
569
3085
554
562
563
564
565
643
3062
557
573
575
579
785
554
583
584
585
586
805
1061
558
573
581
582
583
806
576
577
578
579
780
556
587
588
590
3073
594
596
597
3102
601
603
607
792
601
609
610
611
807
561
564
587
642
3067
561
565
568
574
588
563
575
589
647
564
565
569
3068
564
565
577
650
651
3070
572
578
567
571
594
1065
3087
568
570
580
595
1066
572
581
596
571
572
3088
571
572
584
1069
1070
3090
585
574
576
601
811
575
578
581
602
577
603
578
579
583
812
578
579
585
789
581
582
584
608
1072
585
609
586
610
808
1074
585
586
809
585
586
1076
810
1078
589
592
644
3074
589
593
596
602
591
603
654
592
593
597
629
3113
592
593
605
631
656
633
657
3076
600
606
634
595
599
1079
3104
596
598
608
1080
600
609
599
600
625
3109
599
600
612
626
1082
627
1083
3111
614
628
602
604
816
603
606
609
605
606
607
611
635
817
606
607
637
614
639
640
795
609
610
612
1084
614
613
813
1086
613
614
618
814
613
614
620
1087
622
815
1088
623
619
620
621
1089
617
630
631
632
645
636
637
638
622
623
624
635
818
622
624
819
1091
622
623
626
1092
623
624
636
820
1093
628
639
641
821
627
628
629
3129
627
628
1095
1096
3132
634
633
634
3061
3137
634
636
3061
633
634
637
659
633
660
3061
3309
661
3078
639
639
640
641
822
639
641
639
640
640
641
801
803
823
644
646
647
651
3369
649
650
651
652
3354
653
654
657
3383
659
660
648
649
653
3370
648
650
654
652
651
652
3372
651
652
3374
655
3384
656
657
658
3386
657
659
661
3388
661
662
3413
661
661
662
3414
3415
3416
670
683
684
685
752
2496
673
693
694
699
700
802
674
682
700
702
704
782
667
707
669
710
711
714
716
671
707
711
712
713
670
719
720
723
752
753
2501
718
719
720
2500
708
725
726
727
709
732
733
734
738
739
744
745
767
717
745
747
749
756
677
678
689
703
828
2711
677
678
680
704
790
824
681
705
826
2713
692
706
791
827
681
685
778
779
831
2707
681
686
778
783
825
687
830
2709
683
684
686
717
781
687
702
718
2505
688
719
752
788
687
688
752
2507
687
688
704
786
705
2509
752
778
787
691
692
696
833
2715
691
692
697
798
838
698
832
2718
699
799
839
695
696
701
738
2499
695
697
739
797
698
740
2518
698
699
703
2521
698
699
800
2524
706
804
701
706
745
794
702
703
746
2498
705
747
2511
705
706
2514
705
706
793
2516
796
708
711
712
714
709
725
726
728
732
733
735
714
715
716
720
714
716
714
715
725
715
716
721
727
722
729
723
718
719
721
754
722
747
2526
723
760
722
723
2528
722
723
749
758
750
2530
763
728
729
730
731
748
728
729
728
730
732
729
730
749
735
750
737
751
735
736
737
741
735
737
735
736
736
737
742
743
744
740
741
746
2503
740
742
755
743
2539
743
744
748
2542
743
744
765
2545
751
770
746
751
775
747
748
2502
750
2532
750
751
2535
750
751
772
2537
777
779
780
2497
760
761
762
763
780
756
757
758
760
781
765
766
767
797
771
772
775
782
759
762
771
785
759
763
772
761
773
762
763
788
762
763
789
768
769
770
774
769
770
768
769
801
768
770
775
802
776
803
777
773
776
792
773
777
774
776
777
776
777
794
795
779
784
829
805
829
831
1196
2706
787
788
789
805
812
782
785
786
788
792
793
794
784
786
790
806
834
787
805
809
835
789
792
811
787
793
811
788
812
789
812
791
793
807
836
796
799
814
837
795
816
796
816
795
796
802
803
817
804
817
800
801
802
799
800
821
840
804
818
841
804
823
803
823
803
804
822
822
809
810
835
1198
807
808
809
811
813
814
816
810
813
834
1210
810
812
835
1214
812
816
815
836
1217
815
817
818
820
837
1220
817
822
820
821
822
820
821
840
1243
841
1246
823
823
825
826
827
836
1177
829
830
834
1201
828
830
1179
2741
828
837
839
1180
833
1183
2778
831
835
1203
831
1205
2738
1207
2740
833
838
1186
2779
839
1187
2780
835
836
1209
1212
837
1216
841
1219
839
840
1231
841
1232
841
1240
1245
844
845
848
1882
1926
1930
844
845
853
955
1164
1891
854
956
1882
1924
849
1166
1925
1933
847
848
850
851
1321
1939
849
852
1160
1318
1940
849
850
854
1941
853
1161
1942
851
854
855
1319
1882
1934
2218
852
854
857
1320
853
859
1222
1322
854
861
1223
862
856
857
860
862
883
1327
1970
2220
857
858
860
885
1328
859
862
1329
859
863
967
1227
1330
861
1225
1331
862
863
954
968
862
863
955
1228
956
957
971
1229
886
893
894
895
866
873
934
935
937
939
972
979
980
982
2452
887
978
979
980
873
878
888
985
986
987
879
889
900
901
902
875
880
907
908
909
1104
871
892
895
897
898
913
916
918
919
3139
881
899
902
904
905
906
908
911
912
1098
877
914
915
916
3140
874
882
920
921
924
925
985
987
989
2223
883
927
928
930
932
972
1336
2222
884
921
922
923
1118
927
929
931
965
1127
1337
935
936
1354
3141
882
890
992
993
994
891
941
942
943
884
948
949
950
1111
940
943
945
946
947
950
951
953
1100
1972
883
958
960
962
963
992
994
997
1970
2225
885
966
968
970
1338
2224
959
960
961
1123
966
967
968
1339
887
889
893
894
896
888
978
979
981
2452
889
890
985
986
988
2223
891
900
901
903
891
992
993
995
1812
1976
2225
941
942
944
1797
1975
896
897
898
899
977
896
898
978
896
897
900
897
898
903
981
905
983
903
904
905
984
903
905
903
904
942
986
904
905
943
988
945
990
910
911
912
913
984
910
911
921
949
987
911
912
950
1107
910
912
915
923
1097
917
924
989
951
990
918
1109
917
918
919
977
917
919
935
980
917
918
936
3142
918
919
3146
937
982
3147
983
924
925
926
930
934
924
925
960
925
926
931
961
1120
924
926
936
1101
937
932
962
933
938
1121
928
932
966
1340
929
930
975
1341
933
973
1129
1342
932
933
976
932
933
969
1130
970
974
1131
937
938
939
976
937
939
937
938
3149
974
1354
3154
1000
1354
944
945
946
991
1978
944
946
1981
944
945
993
945
946
995
1982
996
1984
951
952
953
991
1985
952
953
959
1110
1988
951
952
960
994
951
953
1114
996
963
997
1989
1116
1991
956
957
958
1970
1994
956
957
1271
1974
1970
1992
964
1272
1993
962
963
964
968
963
964
1122
1993
962
963
962
964
969
1125
970
1994
971
1126
966
967
969
1128
1347
970
1348
971
1132
1349
970
971
970
971
1133
1134
975
976
998
1000
1672
2453
974
975
999
1674
3160
976
1355
3161
976
998
1675
1000
981
982
983
984
981
983
981
982
985
982
983
988
989
988
989
990
988
989
988
990
993
989
990
994
996
995
996
997
1998
995
997
1999
995
996
996
997
2000
2001
999
1000
1695
1355
1696
3156
1355
1002
1003
1004
1005
1045
1531
2662
1004
1005
1012
1052
2664
1004
1005
1006
1009
1007
1011
1056
1010
2668
1007
1013
1531
1541
1014
1531
1543
1608
1091
1253
1556
1579
1682
1010
1011
1013
1017
1012
1024
2665
1012
1014
1025
1053
1026
1057
2686
1014
1037
1542
1038
1595
1603
1016
1030
1049
1224
1324
1614
1029
1051
1167
1326
2677
1023
1024
1025
1037
1020
1021
1022
1029
1194
2678
1020
1021
1023
1033
1237
1027
1193
2679
1028
1030
1035
1238
1026
1027
1028
1031
2687
1027
1028
1039
1026
1027
2669
1026
1028
1038
1047
1050
2688
2670
1032
1041
1030
1031
1195
2680
1032
1036
1239
1032
1050
1051
2689
1043
1047
1049
1034
1035
1039
1241
1040
1253
1556
1631
1036
1041
1254
1631
1043
1256
1614
1632
1038
1039
1553
1041
1042
1633
1040
1041
1553
1577
1634
1043
1634
1043
1047
1603
1620
1627
1622
1638
1046
1047
1048
1049
1391
1620
1052
1055
1056
1058
1421
1585
2693
1053
1054
1055
1422
1604
1050
1053
1050
1051
1054
1394
2695
1051
1395
1622
1057
2697
1398
2698
1056
1057
1058
2699
1056
1057
1603
1057
1058
1494
2701
1056
1058
1495
1607
1608
2703
1498
2705
1061
1068
1069
1070
1071
1098
3080
1063
1065
1067
1068
1103
3082
1075
1076
1077
1078
1100
1198
1064
1073
1074
1075
1099
1208
1079
1081
1117
1137
3083
1085
1086
1102
1141
1215
1066
1070
1079
3094
1067
1069
1072
1080
1071
1073
1081
1105
1070
1071
1106
3095
1070
1071
1076
3097
1077
1108
1073
1074
1076
1084
1077
1085
1112
1078
1086
1210
1077
1078
1113
1213
1077
1078
1115
1214
1080
1083
3101
1081
1082
1084
1085
1119
1138
1083
1087
1095
1138
1096
1137
3107
1085
1086
1087
1124
1142
1088
1217
1088
1092
1142
1093
1141
1220
1090
1091
1092
1144
1579
1094
1095
1148
1580
1093
1146
1243
1093
1095
1145
1143
1246
1096
1150
1581
3123
1096
1149
1147
3124
1101
1103
1104
1109
3142
1100
1106
1107
1108
1109
3139
1102
1110
1112
1113
1262
1113
1114
1115
1116
1258
1117
1118
1121
3149
1122
1124
1139
1269
1105
1106
1117
3143
1105
1107
1111
1118
1108
1112
1119
1108
1109
3145
1108
1109
1114
1115
3147
1111
1116
1122
1263
1112
1114
1123
1115
1124
1115
1116
1266
1115
1116
1267
1119
1135
3150
1119
1120
1123
1124
1136
1121
1125
1130
1136
1131
1135
3154
1123
1126
1270
1124
1125
1140
1126
1133
1140
1134
1139
1272
1128
1129
1130
1152
1664
1132
1133
1156
1665
1131
1154
1666
3160
1131
1133
1153
1151
3161
1134
1158
1227
1669
1134
1157
1155
1229
1136
1137
1151
3152
1138
1140
1153
1138
1147
3105
1142
1149
1140
1141
1155
1273
1142
1157
1142
1143
1218
1145
1145
1146
1155
1242
1145
1146
1148
1156
1681
1149
1157
1158
1247
1682
1149
1150
1151
3122
1149
1150
1152
1683
1153
1154
1684
3125
1153
1154
3162
1153
1154
1156
1686
1157
1687
3163
1157
1158
1249
1157
1158
1690
1251
1691
1162
1163
1164
1169
1260
1891
1161
1167
1190
1222
2767
1166
1189
1223
2768
1165
1170
1181
1192
1268
1165
1166
1174
1925
2764
1166
1192
1223
1271
1175
1182
1191
2765
1191
2766
1195
1224
1318
2676
1171
1172
1173
1176
1196
1258
1886
2744
1170
1172
1174
1259
1887
1171
1175
1197
1261
1172
1173
1202
1264
1176
1265
1912
1175
1176
1204
2753
1175
1176
1913
2756
1206
2757
1916
2759
1179
1180
1181
1201
1216
1182
1183
1184
1185
1191
2769
1182
1183
1205
2760
1183
1184
1219
1232
1182
1184
1197
1200
1206
2762
1187
2770
1192
1221
1234
1187
1188
1189
1234
2771
1187
1188
1193
1231
2772
1232
2773
1190
1194
1233
2774
1190
1191
1236
2776
1195
1235
2777
1192
2775
1236
1274
1194
1237
2781
1195
1238
2782
1239
2682
1198
1202
1203
1204
1207
2743
1199
1201
1202
1206
1211
1212
1213
1214
1258
1200
1208
1209
1211
1261
1215
1216
1221
1268
1203
1205
1209
1203
1204
1211
1207
1212
1206
1207
2746
1206
1207
2747
2750
2752
1210
1213
1215
1262
1210
1212
1216
1214
1217
1212
1213
1264
1214
1214
1266
1217
1218
1269
1217
1219
1220
1220
1221
1242
1273
1220
1221
1245
1246
1248
1274
1223
1224
1225
1235
1228
1236
1226
1239
1322
1226
1227
1228
1250
1230
1256
1331
1614
1229
1230
1251
1229
1252
1271
1249
1272
1257
1330
1615
1669
1232
1233
1237
1240
1234
1245
1234
1235
1238
1244
1236
1248
1236
1239
1250
1252
1238
1241
1239
1254
1256
1241
1243
1244
1245
1253
1254
1246
1247
1248
1249
1246
1247
1253
1247
1248
1250
1254
1246
1248
1251
1255
1252
1251
1252
1273
1251
1252
1256
1257
1274
1255
1255
1256
1257
1631
1682
1257
1632
1691
1264
1265
1266
1267
1972
1260
1261
1263
1265
1973
1268
1270
1271
1974
1262
1264
1268
1263
1266
1269
1267
1270
1988
1265
1266
1267
1987
1267
1991
1269
1274
1270
1273
1272
1993
1272
1274
1273
1274
1276
1278
1280
1282
1284
1319
1934
2127
1277
1278
1280
1935
1279
1281
1937
2674
1279
1282
1321
1939
1283
1318
1940
2676
1281
1282
1290
1283
1292
2675
1283
1293
1323
1296
1326
2677
1285
1286
1290
1293
1295
1311
1314
1316
1390
2204
2583
1288
1290
1291
1295
2584
1311
1312
1314
1356
1506
1297
1298
1302
1315
1358
2555
1304
1305
1309
1316
2556
1297
1299
1300
1303
1304
1306
1307
1310
1421
2557
2693
1292
1293
2585
1292
1294
1305
2586
2691
1296
2587
2696
1295
1296
1392
1295
1296
1308
1394
2695
1309
1397
1398
2698
1299
1300
1317
2558
1299
1301
1359
2559
1303
2560
1302
1303
1313
1485
1302
1303
1361
1487
1312
1362
1489
1491
1306
1307
1317
2565
1306
1308
2566
2692
1310
2567
2702
1309
1310
1313
1492
1309
1310
1494
2701
1311
1496
1498
2705
1313
1316
1507
1313
1315
1356
1509
1317
1510
1315
1316
1356
2554
1317
1356
2572
1317
2573
2574
1321
1322
1326
1320
1321
1323
1325
1327
1390
2219
1321
1322
1325
1329
1323
1324
1331
1325
1326
1392
1325
1326
1333
1395
1334
1396
1398
1328
1329
1332
1334
1338
1365
2221
1329
1330
1332
1339
1331
1334
1331
1335
1349
1333
1334
1335
1350
1382
1334
1335
1385
1614
1386
1353
1388
1615
1338
1340
1341
1343
1345
1363
1672
2216
1340
1342
1344
1347
1664
1339
1348
1350
1352
1389
2217
1348
1349
1350
1341
1345
1348
1342
1343
1675
1346
1666
1674
1345
1346
1368
1676
1345
1346
1351
1370
1667
1352
1373
1374
1668
1673
1348
1349
1351
1665
1352
1353
1669
1352
1353
1375
1352
1353
1378
1670
1379
1381
1671
1355
3153
3157
1357
1358
1360
1362
1400
2204
2210
2211
2212
2214
2612
1358
1360
2613
1359
1362
2622
1361
2623
1362
1438
1362
1440
1442
1368
1369
1372
1373
1389
1513
1515
1516
1518
1624
2420
1366
1369
1370
1371
1411
1610
1382
1383
1386
1387
1389
1390
1413
1520
1522
1525
2422
1376
1377
1378
1416
1616
1383
1384
1385
1391
1418
1620
1372
1373
1374
1679
1372
1373
1376
1451
1373
1374
1378
1612
1372
1374
1453
1611
1678
1454
1680
1379
1613
1677
1379
1380
1381
1382
1389
1379
1380
1389
1472
1380
1381
1384
1473
1617
1379
1381
1618
1389
1387
1389
1476
1388
1619
1386
1387
1388
1386
1387
1393
1479
1387
1388
1480
1621
1386
1388
1395
1622
1396
1482
1623
1401
1500
1502
1505
2421
1392
1393
1396
1397
1402
1506
1507
1508
2419
1393
1394
1395
1422
1396
1397
1398
1396
1397
1493
1397
1398
1494
1396
1398
1496
1401
1403
1405
1428
1429
1431
1432
1500
1501
1503
2405
2406
2407
2408
2421
1402
1405
1438
1439
1441
1442
1506
1509
1511
2414
2415
2417
2418
2419
1500
1501
1502
1516
1413
1506
1508
1511
1409
1423
1424
1426
1427
1513
1516
1517
1701
2400
2401
2402
2403
2420
1406
1410
1424
1425
1413
1433
1434
1436
1437
1522
1523
1524
2410
2411
2412
2413
2422
1414
1429
1430
1408
1415
1434
1435
1420
1439
1440
1447
1513
1514
1517
1656
1414
1444
1445
1446
1416
1451
1452
1453
1589
1419
1443
1446
1448
1449
1450
1452
1455
1456
1583
1641
1520
1522
1523
1458
1459
1460
1420
1465
1466
1467
1472
1473
1474
1596
1419
1421
1464
1467
1469
1470
1478
1481
1483
1484
1585
1422
1479
1480
1481
1604
1457
1460
1462
1463
1471
1474
1475
1477
1587
1486
1487
1488
1485
1488
1490
1491
1492
1495
1497
1498
1493
1494
1495
1426
1427
1703
1426
1427
1429
1444
1427
1445
1705
1431
1447
1706
1431
1432
1433
1431
1432
1458
1432
1435
1459
1437
1461
1436
1437
1436
1437
1439
1465
1437
1466
1441
1468
1441
1442
1441
1442
1486
1442
1487
1489
1447
1448
1449
1514
1646
1447
1448
1458
1517
1447
1449
1647
1448
1449
1460
1648
1462
1519
1649
1454
1455
1456
1514
1651
1454
1456
1472
1518
1455
1456
1474
1592
1454
1455
1590
1652
1515
1653
1594
1654
1475
1519
1461
1462
1463
1464
1499
1461
1462
1501
1461
1463
1466
1462
1463
1468
1503
1504
1470
1468
1469
1470
1521
1468
1469
1486
1523
1468
1470
1469
1470
1488
1524
1490
1526
1475
1476
1477
1478
1499
1475
1476
1502
1476
1477
1480
1598
1475
1477
1600
1504
1482
1505
1484
1602
1482
1483
1484
1521
1482
1483
1493
1520
1482
1484
1605
1483
1484
1495
1607
1525
1497
1526
1609
1489
1490
1491
1510
1489
1490
1511
1489
1491
1490
1491
1509
1512
1496
1497
1498
1510
1496
1497
1508
1496
1498
1497
1498
1507
1512
1503
1504
1505
1521
1503
1505
1522
1503
1504
1517
1504
1505
1518
1524
1519
1525
1507
1509
1508
1510
1512
1520
1510
1511
1512
1512
1523
1526
1515
1516
1657
1515
1519
1658
1518
1659
1517
1518
1519
1519
1525
1526
1524
1525
1526
1524
1525
1524
1526
1528
1534
2973
1536
1559
2974
1530
1532
1534
1539
1540
1583
2943
1533
1534
1535
1539
1532
1541
1543
1585
1533
1546
1549
1550
1587
1544
1546
1549
1536
1540
2959
1536
1537
1544
1551
1538
1565
2960
1538
1539
1545
1566
1582
1540
1567
1588
2961
1540
1549
1591
1593
2962
1542
1543
1546
1547
1553
1595
1550
1595
1606
1545
1547
1552
1548
1549
1572
1584
1547
1550
1548
1573
1550
1574
1595
1597
1550
1599
1601
1552
1565
1566
1569
1572
1573
1576
1573
1633
1556
1557
1575
1631
1682
1689
1556
1557
1562
1576
1579
1577
1564
1578
1681
1692
1560
1563
2934
1560
1565
2966
1570
2969
1563
1564
1568
1684
1685
2937
1563
1564
1569
1580
1570
1581
2938
1571
1683
1688
1567
1570
2980
1567
1571
1572
1625
1568
1628
2981
1570
1571
1629
2982
1570
1571
1576
2983
1578
1630
1574
1578
1626
1574
1577
1575
1633
1635
1577
1578
1634
1636
1577
1578
1637
1580
1681
1581
1683
1684
3021
1584
1588
1589
1591
1625
1587
1591
1592
1593
1594
3032
1596
1597
1599
1626
1587
1606
1607
1608
1609
1595
1597
1603
1605
1606
1627
1599
1600
1601
1602
1590
1593
1628
3040
1590
1592
1596
1610
1594
1611
3038
1592
1593
1599
1594
1600
1594
3037
3039
1633
1598
1600
1616
1598
1601
1635
1602
1605
1617
1600
1601
1602
1602
1606
1609
1604
1608
1605
1607
1620
1609
1621
1608
1609
1608
1609
1611
1612
1616
1625
1613
1628
3053
1613
1618
1630
1667
1629
1668
3051
1615
1622
1623
1632
1671
1617
1618
1626
1619
1621
1635
1619
1637
1670
1623
1636
1671
1621
1622
1623
1627
1623
1638
1639
1657
1659
1661
1672
1679
1680
1694
1700
2450
1626
1628
1630
1635
1637
1633
1635
1638
1629
3056
1630
1685
3054
1637
1688
1632
1634
1638
1689
1634
1638
1636
1637
1638
1689
1692
1655
1657
1661
1701
1643
1645
1647
1702
1642
1643
1644
1646
1649
1650
1651
1654
3032
1650
1651
1660
1663
1644
1649
1645
1646
1660
1648
1655
1704
1648
1649
1658
1648
1649
1705
1656
1706
1654
1662
3033
1653
1654
1658
1653
1654
1662
1678
3038
1659
1663
1680
3039
1656
1660
1701
1657
1658
1701
1659
1701
1659
1660
1661
1661
1663
1663
1699
3034
1700
1665
1666
1667
1686
1669
1670
1690
1668
1687
3047
1668
1670
1688
1685
3046
1671
1691
1671
1692
1689
1675
1676
1693
1695
2451
1674
1676
1677
1697
3046
1675
1696
3047
1676
1695
1679
1693
1678
1679
1698
3051
1680
1699
3053
1680
1694
1700
1682
1683
1690
1691
1684
1686
1687
3022
1687
1688
3048
1687
1688
1690
3049
1692
1691
1692
1691
1692
1694
1695
1697
1698
1700
1696
1697
3041
1698
3043
1699
3042
1700
3052
1703
1704
1706
1707
2441
2442
2443
2444
2450
1704
1705
1706
1707
1706
1707
1706
1769
1770
1772
2011
2167
1710
1733
1756
1759
1762
1813
1839
1894
2066
1732
1749
1752
1755
1840
1893
2035
1737
1770
1773
1775
2076
1713
1716
1717
1718
1728
1722
1723
1724
1815
1715
1729
1780
1782
1783
1814
1721
1722
1725
1726
1782
1783
1784
1816
2092
2259
1719
1720
1722
1728
1782
1720
1728
1788
1719
1723
1725
1784
1728
1781
1787
1725
1726
1727
1789
2091
1725
1726
1815
1725
1727
1726
1727
1815
2091
1815
2091
1790
2091
1729
1742
1743
1746
1748
1750
1751
1753
1754
1815
1730
1735
1738
1740
1757
1758
1760
1761
1780
1781
1782
1816
1824
1864
1865
1866
1734
1735
1737
1738
2041
1743
1744
1745
1749
1753
1755
1756
1817
1756
1757
1759
1818
1823
1763
1765
1766
1864
2068
1736
1740
1763
1785
1737
1739
1764
1741
1765
2042
1740
1741
1742
2043
1740
1741
1744
1746
1786
1747
1775
2044
1746
1747
1748
2048
1746
1748
1788
1746
1747
1747
1748
1779
2049
1787
1778
2050
2051
1751
1752
1826
1753
1754
1755
1760
2048
1753
1754
1829
1754
1755
2045
1761
1830
2051
1762
2046
1761
1762
1832
1758
1761
1836
1857
1759
1760
1858
2041
1762
1859
2040
1761
1762
2043
1838
2031
1764
1768
1792
1866
1765
1767
1769
1770
2069
1768
1769
1867
2071
2230
1768
1769
2229
1791
1870
2232
2073
2228
1771
2025
1772
1773
2024
2028
2169
1774
2074
1775
1776
2079
1778
2081
1777
1778
2083
1779
2088
1779
2087
2084
1781
1785
1814
1782
1786
1784
1784
1814
1786
1792
1787
1788
1790
2097
2100
1792
1814
2249
1814
1798
1801
1804
1805
1812
1795
1808
1809
1810
1811
1815
2091
1800
1802
1803
1804
1816
1822
2092
1797
1805
1807
1809
1805
1806
1807
1812
1840
1799
1803
1806
1812
1833
1800
1801
1812
1821
1834
1802
1803
1835
1850
1802
1812
1851
1804
1852
1804
1808
1837
1810
1806
1810
1807
1808
1825
1811
1827
1810
1811
1828
1810
1811
1831
1839
1842
1823
1841
1859
1861
1863
1895
2036
2257
1865
1866
1868
1870
2259
2367
2368
2369
1816
1828
1829
1830
1831
1820
1835
1836
1837
1838
1825
1826
1830
1832
1840
1819
1832
1834
1836
1839
1823
1841
1843
1845
1847
1822
1824
1844
1845
1846
1849
1865
1868
1869
2259
2273
1842
1843
1850
1851
1856
1850
1852
1853
1855
2269
2424
1857
1859
1861
1857
1864
1865
1869
1827
1828
1833
1840
1827
1829
1840
1831
1840
1830
1831
1837
1830
1831
1838
1833
1838
1839
1834
1837
1839
1835
1839
1843
1836
1837
1844
1838
1845
1838
1840
1841
1976
1975
1842
1843
1847
1848
1977
2277
1851
1854
1856
2225
2276
1844
1848
1845
1846
1850
1849
1857
1848
1849
1853
2299
1848
1849
1861
2302
1856
2303
1862
2305
1852
1853
1852
1854
1855
1855
1856
2292
1855
1856
2295
2296
2297
1858
1862
1859
1860
1864
2068
1863
2067
1862
1863
1867
2071
2306
1862
1863
2308
1869
2310
2072
2311
1866
1867
1866
1868
1870
1869
1870
2285
1869
1870
2287
2289
2290
1890
1895
1967
2002
2036
2215
1873
1874
1876
1878
1884
1957
1874
1878
1880
1890
2002
1875
1880
1950
1876
1877
1951
1959
1879
1952
1957
1959
1879
1880
1959
1879
1880
1957
1957
1959
1893
1897
1898
1899
1969
1890
1895
1924
1926
1943
1944
1947
1949
1970
1894
1897
1943
1945
1948
1971
1890
1950
1952
1954
1967
1889
1903
1905
1906
1951
1959
1889
1896
1899
1901
1902
1910
1912
1914
1916
1972
1891
1911
1912
1913
1973
1892
1917
1918
1922
1950
1905
1906
1909
1917
1919
1920
1923
2744
1892
1927
1930
1932
1934
1950
1954
1956
1924
1925
1974
1927
1928
1932
1894
1897
1898
1900
1968
1975
1895
1943
1947
1948
1967
1976
1977
2218
1900
1901
1902
1906
1946
1900
1901
1979
1900
1902
1907
1901
1902
1980
1908
1948
1945
1983
1909
1904
1908
1952
1959
1968
1905
1907
1959
1968
1909
1959
1908
1909
1953
1908
1909
1968
1955
1968
1914
1915
1916
1920
1946
1914
1915
1924
1944
1986
1914
1916
1987
1915
1916
1921
1925
1945
1990
1922
1926
1949
1923
1919
1920
1951
1919
1921
1928
2655
1923
2755
1922
1923
1953
1922
1923
1931
2756
1932
1956
2759
1926
1992
1926
1931
1932
1929
1930
1936
1929
1931
2656
1933
1938
2658
1932
1933
1941
1932
1933
2764
1942
2766
1935
1936
1939
1941
2215
1936
1937
1939
1938
1941
1938
1940
2657
1942
2659
1940
1941
1942
2767
1942
2768
1944
1947
1995
1945
1949
1996
1946
1997
1948
1949
1953
1948
1949
1954
1955
1956
1951
1956
1952
1953
1955
1967
1955
1956
1955
1956
1967
1967
1958
1961
1963
1965
1967
2002
2053
2054
2055
2057
2786
1960
1961
1963
1968
2060
1961
1962
1964
1965
1962
1966
1968
2061
1962
1965
1968
1964
1968
1965
1966
2062
2784
1965
1966
2784
2784
2064
2784
1968
2066
2035
1975
1979
1980
1981
1977
1992
1994
1995
1996
1999
2001
1976
1979
1995
1997
2000
1978
1980
1983
1984
1985
1987
1990
1991
1974
1986
1987
1988
1992
1993
1976
1979
1981
1982
1977
1995
1999
2000
2220
2225
1982
1983
1984
1998
1982
1983
1983
1984
1982
1984
2000
1997
1989
1990
1991
1998
1989
1990
1992
1996
1990
1991
1989
1991
1993
1994
2001
1997
1994
1994
1996
1999
1997
2001
1998
2000
2001
2000
2001
2004
2005
2007
2009
2101
2785
2004
2006
2008
2027
2036
2052
2005
2009
2036
2054
2006
2007
2036
2102
2010
2029
2036
2103
2009
2010
2106
2813
2009
2010
2026
2056
2816
2057
2818
2030
2108
2819
2025
2028
2029
2073
2116
2013
2014
2020
2074
2015
2021
2077
2795
2820
2015
2016
2079
2019
2082
2798
2824
2018
2019
2083
2018
2019
2085
2802
2821
2088
2089
2805
2825
2021
2022
2024
2023
2026
2816
2823
2023
2028
2112
2030
2114
2819
2827
2025
2026
2028
2074
2027
2069
2076
2027
2030
2077
2029
2037
2078
2030
2118
2030
2070
2120
2121
2038
2040
2043
2046
2066
2035
2045
2047
2049
2075
2052
2053
2058
2059
2066
2080
2035
2059
2061
2063
2075
2045
2046
2047
2059
2060
2061
2066
2037
2066
2067
2070
2072
2158
2039
2067
2069
2070
2039
2044
2047
2066
2080
2040
2042
2066
2078
2041
2066
2067
2042
2043
2068
2044
2069
2076
2044
2048
2050
2081
2046
2051
2047
2048
2050
2086
2050
2051
2050
2051
2084
2087
2054
2056
2066
2078
2054
2055
2060
2066
2057
2066
2057
2058
2062
2792
2057
2058
2077
2795
2797
2065
2082
2798
2060
2065
2086
2061
2062
2064
2064
2065
2799
2064
2065
2085
2802
2804
2089
2805
2068
2072
2069
2071
2073
2072
2073
2157
2072
2073
2160
2163
2164
2076
2077
2079
2084
2085
2086
2078
2081
2078
2082
2080
2081
2082
2083
2081
2082
2086
2087
2089
2087
2088
2089
2087
2088
2088
2089
2087
2089
2092
2094
2095
2097
2099
2423
2426
2429
2431
2092
2097
2098
2099
2100
2424
2094
2096
2098
2095
2099
2096
2097
2100
2099
2100
2099
2100
2102
2105
2106
2109
2125
2215
2789
2103
2105
2106
2158
2104
2108
2120
2158
2105
2107
2117
2141
2158
2109
2143
2158
2108
2109
2806
2108
2109
2119
2145
2809
2121
2811
2147
2812
2111
2129
2167
2168
2227
2116
2117
2122
2134
2162
2114
2115
2118
2114
2115
2119
2177
2809
2822
2121
2811
2826
2122
2179
2118
2120
2164
2167
2119
2120
2133
2159
2121
2122
2169
2121
2122
2136
2121
2157
2138
2168
2124
2129
2130
2139
2234
2128
2132
2134
2137
2180
2127
2142
2143
2146
2147
2171
2861
2132
2141
2142
2144
2148
2191
2148
2204
2215
2219
2149
2151
2153
2154
2234
2131
2134
2236
2131
2137
2140
2138
2168
2133
2135
2151
2182
2134
2136
2141
2152
2138
2153
2136
2137
2144
2176
2183
2138
2145
2177
2138
2178
2186
2179
2140
2180
2242
2186
2143
2145
2148
2143
2146
2148
2192
2147
2148
2145
2146
2194
2864
2147
2866
2147
2196
2867
2870
2151
2152
2155
2156
2158
2203
2258
2150
2174
2180
2206
2242
2154
2208
2209
2243
2364
2152
2156
2206
2153
2155
2159
2162
2166
2236
2156
2166
2238
2360
2156
2161
2166
2361
2208
2362
2158
2159
2163
2164
2159
2161
2163
2215
2257
2161
2162
2163
2164
2165
2230
2306
2163
2165
2309
2164
2165
2227
2311
2228
2166
2233
2312
2241
2363
2169
2228
2169
2174
2180
2181
2185
2192
2193
2196
2197
2204
2583
2610
2612
2173
2181
2191
2193
2195
2203
2175
2198
2200
2205
2209
2203
2210
2213
2177
2178
2187
2860
2864
2179
2863
2866
2179
2190
2182
2186
2182
2184
2205
2183
2191
2206
2184
2186
2187
2194
2185
2188
2195
2186
2189
2190
2188
2190
2614
2616
2189
2609
2617
2190
2192
2194
2203
2193
2196
2203
2197
2198
2203
2195
2196
2616
2197
2200
2617
2197
2618
2202
2621
2199
2202
2210
2612
2201
2211
2612
2202
2582
2202
2612
2612
2204
2205
2206
2207
2208
2210
2213
2214
2379
2419
2206
2207
2208
2208
2209
2397
2398
2256
2211
2214
2212
2214
2414
2214
2416
2418
2218
2217
2222
2420
2451
2221
2224
2320
2421
2219
2220
2257
2221
2258
2419
2221
2224
2277
2356
2422
2223
2224
2453
2225
2452
2225
2276
2227
2229
2231
2237
2228
2233
2236
2229
2230
2232
2232
2233
2285
2232
2233
2239
2248
2288
2249
2290
2241
2291
2235
2236
2238
2242
2237
2240
2237
2241
2239
2240
2241
2243
2354
2240
2241
2250
2353
2352
2355
2243
2377
2245
2247
2259
2428
2259
2431
2247
2267
2437
2262
2434
2249
2250
2261
2367
2347
2252
2253
2344
2387
2345
2386
2254
2346
2391
2255
2316
2389
2256
2322
2395
2364
2397
2258
2275
2277
2308
2309
2311
2356
2358
2359
2361
2362
2379
2262
2263
2266
2268
2424
2263
2264
2265
2273
2318
2365
2288
2347
2365
2367
2266
2267
2268
2445
2266
2268
2273
2368
2266
2267
2366
2374
2267
2268
2273
2376
2445
2369
2375
2445
2273
2445
2270
2273
2279
2280
2282
2292
2293
2296
2298
2445
2279
2280
2281
2446
2273
2286
2287
2288
2319
2365
2276
2293
2294
2295
2313
2286
2287
2289
2299
2301
2304
2305
2314
2330
2334
2336
2275
2277
2300
2301
2302
2341
2307
2308
2309
2359
2277
2294
2295
2297
2320
2300
2302
2303
2356
2282
2283
2284
2326
2335
2373
2282
2283
2327
2282
2284
2334
2449
2283
2284
2328
2336
2329
2372
2333
2289
2290
2291
2306
2289
2291
2307
2349
2289
2290
2368
2290
2291
2353
2310
2367
2312
2355
2296
2297
2298
2299
2296
2298
2327
2297
2298
2300
2325
2296
2297
2303
2304
2328
2303
2304
2305
2303
2304
2339
2304
2305
2307
2315
2303
2305
2308
2343
2310
2310
2311
2312
2310
2312
2321
2310
2311
2311
2312
2361
2363
2320
2323
2325
2327
2318
2319
2330
2332
2334
2321
2330
2337
2341
2343
2322
2337
2346
2371
2390
2318
2319
2347
2348
2365
2374
2376
2349
2351
2353
2323
2324
2325
2356
2393
2349
2357
2359
2363
2357
2364
2378
2396
2324
2329
2380
2325
2326
2338
2385
2328
2339
2328
2329
2342
2344
2328
2329
2343
2345
2331
2336
2349
2332
2335
2337
2350
2371
2333
2351
2334
2335
2336
2376
2336
2342
2370
2343
2340
2342
2357
2339
2340
2342
2356
2388
2341
2343
2356
2341
2356
2358
2390
2356
2359
2343
2346
2345
2346
2373
2385
2372
2380
2370
2388
2353
2366
2374
2350
2355
2351
2354
2357
2378
2352
2353
2354
2355
2355
2360
2377
2363
2394
2358
2360
2359
2362
2396
2361
2362
2363
2364
2362
2363
2398
2377
2398
2366
2368
2369
2368
2369
2371
2373
2378
2373
2375
2376
2448
2449
2378
2384
2394
2395
2396
2397
2398
2415
2416
2418
2419
2385
2386
2393
2392
2399
2402
2440
2393
2399
2404
2406
2384
2394
2409
2411
2415
2416
2387
2388
2393
2387
2393
2391
2393
2390
2391
2394
2390
2391
2394
2395
2394
2396
2394
2393
2399
2401
2402
2420
2438
2394
2404
2406
2408
2421
2409
2411
2412
2422
2396
2397
2398
2398
2401
2402
2403
2441
2402
2403
2406
2443
2407
2408
2409
2407
2408
2410
2407
2408
2412
2412
2412
2413
2412
2413
2415
2417
2417
2418
2417
2418
2418
2422
2421
2450
2422
2425
2426
2431
2428
2429
2430
2431
2445
2427
2428
2432
2427
2429
2430
2433
2430
2431
2434
2430
2431
2436
2433
2434
2436
2436
2437
2445
2436
2437
2445
2445
2445
2439
2440
2442
2443
2450
2440
2442
2443
2443
2444
2443
2444
2446
2447
2448
2449
2447
2449
2448
2449
2451
2453
2453
2455
2456
2458
2475
2551
2457
2461
2476
2547
2457
2464
2553
2467
2552
2461
2462
2464
2479
2460
2468
2469
2471
2480
2469
2471
2474
2481
2463
2467
2482
2463
2466
2468
2483
2465
2470
2484
2466
2467
2466
2467
2472
2473
2470
2473
2489
2470
2474
2490
2472
2491
2473
2474
2473
2474
2476
2477
2479
2548
2478
2482
2546
2478
2485
2550
2635
2488
2549
2636
2482
2483
2485
2481
2489
2490
2492
2490
2492
2495
2639
2484
2488
2484
2487
2489
2486
2491
2487
2488
2640
2487
2488
2493
2643
2494
2644
2645
2491
2494
2491
2495
2493
2494
2495
2646
2494
2495
2649
2651
2652
2497
2500
2504
2505
2507
2501
2504
2507
2510
2706
2499
2502
2511
2513
2514
2503
2518
2520
2521
2501
2525
2526
2528
2525
2528
2531
2503
2532
2534
2535
2539
2541
2542
2506
2510
2525
2506
2509
2511
2526
2508
2512
2527
2509
2510
2707
2509
2510
2515
2708
2516
2709
2710
2512
2516
2532
2513
2515
2533
2517
2520
2534
2516
2517
2521
2711
2516
2517
2712
2713
2523
2714
2519
2524
2539
2548
2520
2522
2540
2546
2523
2541
2523
2524
2715
2523
2524
2549
2716
2717
2550
2718
2527
2531
2527
2530
2532
2529
2533
2530
2531
2530
2531
2536
2537
2533
2537
2534
2536
2538
2541
2537
2538
2542
2537
2538
2544
2540
2545
2551
2541
2543
2547
2544
2544
2545
2544
2545
2552
2553
2547
2548
2549
2551
2552
2550
2551
2550
2719
2720
2553
2553
2572
2573
2576
2583
2612
2558
2559
2563
2572
2622
2565
2566
2570
2573
2584
2558
2560
2561
2564
2565
2567
2568
2571
2594
2560
2561
2574
2560
2562
2623
2564
2563
2564
2575
2563
2564
2625
2577
2626
2567
2568
2574
2567
2569
2586
2593
2571
2602
2570
2571
2575
2570
2571
2589
2601
2578
2590
2604
2574
2577
2612
2574
2578
2583
2575
2577
2578
2577
2578
2583
2612
2612
2583
2580
2581
2608
2582
2611
2631
2617
2584
2585
2588
2590
2585
2586
2590
2587
2588
2587
2589
2592
2591
2597
2590
2591
2590
2591
2596
2599
2593
2595
2596
2597
2691
2600
2601
2602
2692
2602
2603
2604
2693
2598
2600
2694
2599
2601
2598
2599
2696
2690
2603
2700
2604
2603
2604
2702
2704
2610
2627
2628
2629
2633
2856
2607
2608
2609
2614
2630
2875
2611
2627
2630
2631
2611
2614
2618
2619
2620
2621
2861
2615
2617
2619
2613
2622
2624
2626
2622
2624
2615
2860
2616
2620
2630
2862
2617
2618
2864
2621
2620
2621
2867
2620
2621
2627
2629
2869
2623
2626
2625
2626
2626
2628
2629
2631
2633
2630
2633
2891
2632
2892
2632
2633
2895
2896
2636
2642
2654
2671
2734
2636
2640
2654
2720
2645
2719
2638
2641
2642
2643
2660
2647
2648
2649
2661
2646
2648
2650
2652
2662
2644
2645
2653
2644
2647
2653
2669
2645
2653
2663
2644
2645
2649
2651
2650
2651
2652
2650
2651
2665
2650
2652
2666
2651
2652
2668
2654
2670
2679
2783
2656
2754
2755
2756
2658
2763
2764
2659
2674
2729
2767
2659
2728
2766
2730
2768
2661
2663
2669
2683
2665
2666
2685
2664
2666
2667
2668
2693
2670
2671
2684
2667
2668
2686
2699
2668
2669
2686
2667
2668
2685
2704
2670
2688
2679
2687
2672
2679
2733
2678
2681
2684
2735
2674
2681
2682
2729
2735
2675
2676
2677
2681
2696
2677
2682
2767
2680
2698
2679
2680
2687
2782
2781
2681
2682
2689
2690
2777
2782
2684
2685
2688
2694
2687
2690
2686
2700
2688
2703
2688
2689
2697
2690
2697
2698
2694
2696
2692
2694
2695
2696
2700
2701
2702
2699
2702
2704
2705
2697
2700
2697
2698
2701
2698
2703
2703
2704
2705
2703
2704
2703
2705
2704
2705
2707
2710
2739
2740
2743
2709
2710
2740
2709
2710
2712
2736
2713
2738
2739
2713
2714
2715
2778
2713
2714
2737
2741
2717
2731
2717
2718
2780
2717
2718
2719
2722
2732
2720
2779
2720
2734
2783
2722
2725
2726
2733
2772
2732
2734
2779
2724
2725
2731
2745
2770
2727
2728
2761
2769
2727
2732
2773
2727
2729
2735
2774
2730
2771
2730
2763
2775
2730
2777
2776
2732
2737
2778
2780
2734
2735
2781
2783
2782
2737
2738
2739
2742
2741
2745
2740
2741
2747
2740
2748
2752
2760
2778
2745
2747
2748
2749
2744
2746
2748
2751
2752
2753
2755
2758
2759
2760
2761
2750
2751
2752
2753
2750
2752
2760
2751
2752
2750
2751
2754
2761
2757
2762
2758
2757
2758
2759
2757
2758
2763
2758
2759
2757
2759
2764
2765
2762
2770
2762
2763
2765
2769
2765
2765
2766
2775
2768
2775
2768
2777
2776
2770
2771
2775
2773
2778
2773
2774
2776
2773
2774
2779
2781
2780
2777
2782
2776
2777
2780
2780
2783
2782
2783
2786
2799
2800
2803
2804
2830
2786
2789
2813
2814
2817
2818
2838
2792
2793
2796
2797
2832
2791
2793
2794
2795
2820
2842
2800
2801
2802
2821
2850
2806
2807
2810
2812
2839
2861
2807
2808
2809
2822
2865
2883
2814
2815
2816
2823
2831
2796
2797
2798
2799
2796
2797
2814
2846
2796
2798
2801
2824
2844
2797
2798
2816
2803
2848
2818
2805
2803
2804
2805
2803
2804
2853
2803
2805
2825
2851
2804
2805
2854
2810
2811
2812
2813
2810
2812
2840
2868
2810
2811
2815
2826
2887
2811
2812
2866
2817
2886
2819
2870
2817
2818
2819
2817
2818
2877
2817
2819
2827
2878
2818
2819
2876
2823
2824
2828
2825
2829
2826
2835
2863
2827
2836
2825
2871
2872
2827
2873
2874
2836
2842
2871
2850
2872
2832
2852
2853
2854
2855
2836
2842
2877
2878
2879
2838
2845
2846
2847
2848
2843
2844
2845
2849
2849
2850
2855
2857
2873
2883
2874
2841
2879
2880
2881
2882
2839
2876
2877
2880
2882
2840
2856
2884
2886
2889
2858
2883
2884
2886
2859
2884
2885
2888
2889
2843
2844
2846
2847
2879
2848
2851
2871
2847
2848
2852
2847
2848
2877
2880
2854
2851
2852
2851
2853
2854
2872
2854
2855
2854
2855
2858
2861
2891
2893
2896
2863
2875
2890
2868
2890
2891
2893
2893
2894
2895
2896
2862
2863
2875
2867
2868
2869
2870
2864
2865
2869
2892
2865
2866
2867
2866
2868
2890
2870
2869
2870
2869
2870
2891
2872
2874
2887
2878
2892
2877
2878
2882
2886
2880
2881
2887
2880
2881
2882
2882
2888
2889
2885
2887
2890
2885
2889
2893
2888
2894
2887
2889
2888
2889
2892
2894
2892
2896
2895
2894
2896
2895
2896
2898
2900
2927
2949
3057
3320
2899
2901
2928
3321
2930
2949
2985
2989
2901
2987
3059
3347
3350
2989
3349
3351
2904
2906
2908
2910
3062
3177
3394
2905
2906
2907
2913
3063
3395
2908
2909
2910
3179
2908
2909
2914
3426
2908
2910
3069
3427
2909
2910
2915
3065
3182
3428
2916
3183
3071
3184
2912
2922
2924
3077
3396
3449
2913
2917
2926
3075
3452
2914
2915
3064
3453
2916
2926
3456
2916
2917
3072
3188
2925
3189
2922
2925
3114
3200
2919
2920
2929
3016
3127
3197
2921
2930
3023
3198
2921
2922
2927
3135
3396
2923
2928
3462
2923
3136
3197
2924
2925
3198
2926
3451
3462
2926
3201
3458
2928
2929
3133
3402
2930
3463
2930
2949
3030
3117
3031
2932
2934
2936
2965
2984
3014
2933
2949
2964
3057
3117
2934
2967
3058
3118
2938
2969
3019
2936
2937
2939
2979
3020
3045
2938
2940
2978
3015
2938
2982
3022
3048
2983
3021
2940
2941
3002
3024
2942
2984
3001
3017
2942
3003
3026
2985
3005
3025
2944
2947
2955
2956
2959
2962
3032
2946
2954
2956
2957
2959
2948
2950
2963
2965
2966
2970
2947
2951
2970
2971
2973
2952
2971
2973
2975
3230
2953
2957
2977
2978
2980
2984
2987
2953
2986
2988
2990
2993
2952
2954
2993
2994
2999
2955
2994
2996
2999
3241
3000
3001
3004
3008
2955
3007
3008
3012
3007
3010
3012
2958
2962
3007
3035
2958
2960
2970
3008
2961
2977
3009
3036
2960
2962
2973
2961
2974
2980
2962
2981
3040
3037
2964
2968
2972
2986
3300
2965
2967
2987
3059
2969
2978
2988
2968
2969
2974
2980
2968
2969
3060
2976
3301
2983
2972
2974
2993
2972
2975
2994
3231
2976
2995
3302
2974
2975
2976
2976
3263
3303
2979
2981
3000
3055
2979
2983
3001
2982
3002
3050
2981
2983
2982
3056
2983
3054
2985
2988
3030
2992
3031
2987
2991
2995
3350
2988
2989
2992
3001
2991
2992
2991
2992
2997
3004
2998
3351
3005
2995
2997
3008
2995
2996
3242
2998
3304
2998
2999
3299
2998
2999
3011
3305
3012
3002
3006
3009
3002
3005
3003
3005
3006
3005
3006
3011
3013
3009
3010
3009
3011
3013
3012
3013
3012
3013
3015
3019
3030
3116
3117
3017
3020
3021
3115
3018
3023
3030
3116
3195
3018
3024
3025
3030
3027
3028
3115
3202
3021
3118
3130
3022
3024
3044
3121
3022
3123
3049
3125
3028
3031
3196
3026
3027
3026
3028
3031
3029
3029
3121
3203
3029
3204
3205
3031
3033
3035
3037
3039
3034
3035
3039
3036
3038
3052
3036
3037
3040
3055
3039
3040
3039
3040
3053
3056
3043
3044
3047
3156
3043
3050
3051
3052
3045
3046
3045
3049
3158
3048
3050
3047
3048
3051
3049
3160
3049
3054
3163
3054
3055
3053
3054
3053
3055
3056
3056
3056
3058
3059
3133
3222
3060
3134
3223
3060
3244
3300
3246
3301
3138
3068
3069
3070
3071
3079
3354
3064
3065
3067
3069
3355
3072
3074
3075
3357
3066
3071
3072
3081
3067
3068
3073
3085
3070
3074
3369
3070
3071
3088
3070
3071
3373
3374
3091
3073
3084
3114
3074
3102
3113
3076
3383
3076
3077
3114
3387
3078
3113
3388
3078
3136
3307
3412
3137
3309
3415
3080
3088
3089
3090
3091
3177
3095
3096
3097
3098
3139
3164
3084
3085
3086
3091
3182
3083
3092
3094
3095
3143
3099
3101
3105
3150
3102
3103
3112
3188
3087
3088
3102
3087
3089
3093
3103
3178
3090
3094
3104
3090
3091
3090
3091
3096
3180
3097
3184
3093
3098
3099
3144
3169
3094
3096
3100
3165
3097
3101
3097
3098
3145
3097
3098
3167
3148
3171
3100
3108
3151
3175
3101
3103
3106
3173
3104
3107
3104
3109
3104
3110
3186
3111
3107
3108
3122
3152
3107
3108
3110
3119
3192
3111
3124
3120
3155
3190
3111
3112
3113
3129
3111
3112
3126
3194
3132
3114
3128
3200
3114
3137
3136
3116
3119
3121
3123
3126
3127
3130
3118
3127
3133
3131
3134
3120
3124
3126
3202
3121
3122
3159
3203
3125
3158
3124
3125
3162
3124
3125
3130
3132
3163
3128
3132
3195
3128
3131
3135
3129
3136
3197
3131
3132
3137
3131
3132
3138
3134
3135
3306
3138
3308
3136
3138
3307
3137
3138
3309
3145
3146
3147
3148
3141
3142
3144
3146
3149
3151
3153
3143
3147
3149
3144
3145
3150
3148
3151
3147
3148
3147
3148
3150
3154
3151
3152
3155
3154
3155
3162
3154
3155
3157
3161
3159
3157
3158
3160
3159
3161
3159
3163
3162
3161
3163
3162
3163
3166
3167
3171
3172
3177
3167
3168
3169
3173
3178
3170
3171
3172
3171
3172
3180
3170
3172
3174
3181
3170
3171
3175
3176
3185
3174
3175
3186
3192
3176
3187
3193
3176
3190
3191
3179
3180
3184
3185
3180
3181
3182
3186
3183
3184
3185
3184
3185
3183
3185
3187
3183
3184
3188
3189
3187
3188
3194
3189
3199
3189
3200
3201
3191
3192
3203
3193
3205
3193
3194
3202
3199
3204
3195
3199
3200
3196
3197
3202
3198
3199
3204
3198
3200
3201
3201
3201
3203
3204
3205
3205
3209
3210
3211
3212
3217
3345
3361
3464
3214
3215
3224
3306
3310
3391
3209
3213
3214
3220
3313
3390
3210
3211
3312
3403
3212
3213
3407
3212
3220
3249
3333
3221
3252
3216
3221
3408
3216
3225
3311
3410
3216
3227
3308
3414
3226
3416
3218
3228
3249
3251
3252
3325
3465
3219
3232
3267
3270
3271
3294
3467
3233
3240
3466
3221
3225
3248
3323
3226
3250
3223
3224
3244
3306
3320
3227
3246
3308
3225
3227
3254
3314
3226
3256
3317
3227
3257
3259
3247
3249
3251
3267
3322
3235
3243
3254
3255
3258
3324
3231
3234
3241
3262
3263
3265
3242
3262
3263
3302
3233
3237
3266
3267
3271
3234
3236
3266
3269
3271
3238
3273
3274
3276
3279
3239
3261
3273
3275
3277
3237
3238
3240
3280
3283
3286
3280
3281
3286
3294
3241
3287
3288
3290
3292
3287
3289
3291
3295
3324
3294
3468
3242
3296
3297
3299
3296
3299
3304
3244
3245
3261
3300
3346
3246
3254
3347
3246
3258
3264
3301
3259
3248
3253
3255
3268
3326
3249
3250
3256
3327
3252
3328
3252
3253
3257
3252
3253
3270
3260
3272
3256
3259
3338
3256
3260
3275
3341
3257
3342
3259
3260
3259
3260
3277
3278
3262
3264
3295
3302
3265
3273
3296
3265
3303
3265
3277
3303
3279
3268
3269
3274
3280
3268
3270
3281
3272
3275
3282
3271
3272
3276
3271
3272
3278
3274
3279
3287
3275
3276
3290
3278
3291
3278
3279
3278
3279
3282
3283
3290
3282
3284
3294
3322
3285
3291
3326
3285
3286
3292
3285
3286
3294
3330
3293
3331
3294
3288
3290
3296
3289
3292
3297
3293
3298
3339
3291
3292
3293
3341
3293
3344
3325
3469
3296
3298
3304
3346
3297
3298
3299
3305
3348
3305
3301
3302
3350
3303
3303
3304
3305
3350
3351
3307
3308
3402
3309
3391
3396
3309
3414
3311
3314
3315
3399
3402
3313
3317
3318
3446
3313
3333
3335
3345
3432
3323
3337
3397
3316
3317
3320
3338
3316
3318
3445
3463
3319
3321
3340
3319
3323
3342
3319
3337
3447
3334
3343
3321
3347
3402
3349
3463
3325
3326
3328
3330
3327
3333
3334
3338
3339
3341
3346
3328
3330
3332
3345
3475
3327
3331
3341
3328
3329
3342
3332
3333
3331
3332
3334
3343
3331
3332
3344
3336
3336
3345
3336
3337
3336
3337
3345
3436
3345
3431
3340
3342
3347
3340
3344
3348
3343
3349
3342
3344
3343
3344
3401
3474
3347
3348
3350
3349
3349
3351
3351
3354
3359
3365
3366
3367
3368
3393
3356
3362
3364
3365
3370
3372
3373
3374
3375
3394
3357
3369
3371
3373
3395
3376
3378
3381
3384
3383
3385
3387
3453
3359
3360
3363
3364
3366
3367
3460
3471
3461
3470
3361
3377
3378
3379
3380
3459
3473
3401
3403
3404
3407
3409
3472
3363
3368
3371
3376
3420
3364
3366
3377
3392
3367
3378
3367
3368
3372
3367
3368
3419
3375
3423
3370
3374
3383
3371
3372
3384
3375
3385
3425
3374
3375
3374
3375
3427
3430
3377
3382
3385
3442
3378
3380
3439
3379
3380
3381
3409
3382
3398
3404
3382
3386
3406
3389
3405
3438
3384
3388
3385
3386
3389
3455
3388
3389
3413
3388
3389
3412
3452
3415
3400
3411
3397
3403
3405
3408
3410
3399
3410
3412
3414
3418
3419
3420
3439
3460
3394
3417
3419
3422
3423
3461
3424
3427
3428
3430
3425
3426
3427
3453
3399
3402
3462
3431
3432
3434
3446
3433
3438
3439
3444
3459
3445
3446
3449
3438
3448
3452
3454
3455
3432
3433
3436
3437
3459
3476
3463
3404
3407
3432
3405
3409
3433
3406
3411
3434
3408
3409
3413
3408
3409
3416
3411
3416
3446
3412
3413
3448
3415
3449
3415
3416
3415
3416
3421
3422
3423
3424
3421
3422
3441
3460
3422
3423
3460
3421
3423
3425
3442
3429
3443
3460
3430
3428
3429
3430
3429
3430
3455
3428
3429
3456
3428
3430
3457
3435
3436
3447
3433
3436
3434
3437
3435
3438
3448
3437
3440
3450
3437
3444
3440
3442
3441
3442
3459
3443
3444
3454
3443
3444
3459
3443
3455
3457
3459
3447
3451
3462
3447
3448
3450
3449
3450
3451
3452
3451
3454
3458
3453
3458
3455
3456
3457
3458
3457
3457
3458
3460
3477
3461
3479
3478
3463
3465
3472
3474
3467
3475
3467
3468
3469
3469
3475
3471
3478
3473
3479
3473
3476
3477
3475
3476
3477
3479
3479
)


// ************************************************************************* //
