/*--------------------------------*- C++ -*----------------------------------*\
| =========                 |                                                 |
| \\      /  F ield         | OpenFOAM: The Open Source CFD Toolbox           |
|  \\    /   O peration     | Version:  dev                                   |
|   \\  /    A nd           | Web:      www.OpenFOAM.org                      |
|    \\/     M anipulation  |                                                 |
\*---------------------------------------------------------------------------*/
FoamFile
{
    version     2.0;
    format      ascii;
    class       labelList;
    note        "nPoints: 4964 nCells: 3523 nFaces: 11890 nInternalFaces: 10225";
    location    "constant/polyMesh";
    object      neighbour;
}
// * * * * * * * * * * * * * * * * * * * * * * * * * * * * * * * * * * * * * //


10225
(
1
8
19
951
962
3
4
950
962
3
9
961
966
5
960
965
5
6
8
9
11
8
10
11
14
15
26
962
3277
3345
10
12
13
963
3309
37
12
11
14
964
3307
12
15
965
16
966
14
16
3305
3348
15
3279
3349
16
3350
3352
18
24
28
1207
20
22
27
1206
20
37
1217
1218
36
1216
1218
22
23
25
1218
1220
3149
24
29
1218
1221
24
30
1219
3152
31
1222
26
29
30
33
3137
29
33
34
36
37
1218
3113
3359
28
29
36
31
31
34
31
32
3138
35
33
35
3140
3360
34
3141
3361
35
3363
3365
37
40
41
43
136
2498
2660
40
41
137
2473
46
138
2497
139
2496
2660
57
65
70
125
2222
2564
45
46
47
143
2567
45
46
52
144
2485
50
53
145
2566
146
2565
49
50
129
2570
2660
49
50
56
69
130
2486
118
131
2568
2660
58
132
2569
53
54
55
62
164
2573
53
54
165
2487
58
166
2572
63
167
2571
57
58
67
150
2576
57
58
70
151
2488
68
152
2574
153
2575
61
66
67
174
862
3034
61
63
158
870
3011
62
160
871
3020
63
67
157
2582
159
2581
65
66
327
416
546
3033
68
330
2224
2599
68
172
865
3035
68
171
2601
173
2600
70
115
118
2217
2617
123
2223
2624
72
91
111
112
114
332
76
92
111
114
117
333
2234
95
119
120
122
331
351
76
100
111
126
128
131
101
133
134
138
140
102
126
129
131
133
135
136
139
2660
80
103
140
142
144
107
127
147
149
153
161
108
154
155
160
168
575
109
161
163
165
110
168
170
172
325
577
84
86
175
189
191
418
421
1328
85
86
177
179
181
183
184
186
1334
89
102
234
235
238
239
241
242
245
246
93
97
183
184
185
88
97
176
235
236
238
1326
98
189
190
419
99
179
190
191
249
250
252
418
420
1329
92
175
192
194
196
198
337
93
97
176
193
194
195
92
199
200
202
340
102
199
202
205
341
177
207
208
209
106
178
214
215
216
565
96
220
221
223
380
228
229
230
331
432
235
236
237
242
243
244
104
249
250
251
102
199
255
257
260
262
263
268
269
255
258
260
262
264
265
267
109
269
271
273
179
277
278
279
180
284
285
286
791
181
291
292
293
557
256
297
299
303
311
304
305
310
318
569
311
313
315
227
318
320
322
571
113
117
199
113
116
119
200
344
115
121
128
201
116
117
346
2235
116
117
123
130
124
348
2217
118
131
2234
2235
2651
121
124
220
352
121
125
148
221
329
123
149
222
124
125
328
353
2222
124
125
151
355
2223
152
330
127
129
141
255
128
132
142
256
130
149
257
131
132
143
131
132
151
145
153
135
136
141
262
135
137
263
139
264
138
139
143
138
139
146
141
146
269
142
143
270
145
161
271
145
146
145
146
165
166
148
150
162
169
297
149
152
170
298
151
299
152
153
164
171
152
153
173
166
156
157
162
169
304
156
158
305
632
159
163
306
159
160
164
171
159
160
633
167
174
634
162
166
311
163
164
312
167
313
166
167
166
167
169
174
318
641
170
171
319
173
320
329
173
174
173
174
327
644
330
643
176
335
1331
177
193
194
196
357
1330
178
207
208
210
336
1332
181
214
215
217
424
578
1333
180
277
278
280
1337
181
284
285
287
794
1335
291
292
294
556
1336
186
187
188
276
290
300
186
188
236
277
186
187
208
291
187
188
209
237
301
280
294
212
295
302
240
281
303
191
242
421
191
243
420
245
418
196
197
198
202
365
196
197
207
368
196
198
235
197
198
203
209
237
369
204
211
370
205
239
201
205
201
204
220
373
203
222
257
204
205
375
204
205
224
259
225
377
260
210
211
212
213
223
358
210
211
361
210
212
215
211
212
224
217
362
225
363
218
226
217
218
219
229
425
217
219
428
580
217
218
291
218
219
231
293
582
429
232
295
233
431
585
222
225
381
222
226
228
298
224
299
225
226
229
382
225
226
301
384
232
302
228
230
231
325
567
232
320
329
232
233
434
233
326
436
592
232
233
322
594
323
438
596
238
239
240
248
258
238
239
238
240
249
239
240
259
252
260
253
261
245
246
247
248
265
245
246
245
247
250
246
247
266
252
267
254
268
252
253
254
272
252
253
277
252
254
253
254
273
279
274
281
275
256
258
270
257
261
271
259
299
260
261
272
260
261
301
274
303
264
265
270
264
266
267
267
268
272
267
268
275
270
275
271
272
274
311
274
275
274
275
315
316
280
281
282
283
314
280
281
280
282
284
281
282
315
287
316
288
317
287
288
289
290
307
287
288
287
289
292
804
288
289
308
806
294
309
296
310
809
294
295
296
321
294
295
294
296
560
295
296
322
561
323
324
564
298
300
312
319
299
302
320
301
302
303
314
321
302
303
323
316
306
307
312
319
306
308
604
309
313
309
310
314
321
309
310
606
317
324
608
312
316
313
314
317
316
317
316
317
319
324
611
320
321
323
323
324
323
324
614
616
326
327
329
573
331
417
439
622
330
417
624
330
331
417
442
2224
330
331
445
333
340
344
345
346
341
345
346
349
387
2236
342
343
350
352
354
388
337
357
1072
1349
338
357
359
361
362
424
1074
1351
341
365
366
369
371
1069
339
359
360
361
1071
357
366
367
368
1070
341
373
374
375
374
375
378
390
372
379
381
383
391
344
345
347
372
386
348
352
373
349
374
392
348
349
2237
348
349
354
396
2215
355
2216
397
2238
351
356
379
401
443
352
353
380
445
355
381
355
356
442
2218
355
356
403
2219
2220
404
444
2221
366
368
369
1073
1350
362
363
364
382
425
362
364
426
1086
363
364
367
383
1087
362
363
368
429
370
384
385
430
1089
369
370
371
375
369
371
1077
370
371
376
1078
369
370
377
378
1080
373
374
376
389
377
381
378
406
377
378
377
378
383
409
384
410
380
385
413
423
381
382
432
384
384
385
434
384
385
414
415
437
388
389
392
394
396
390
392
393
395
397
1094
2225
391
399
401
403
391
406
408
409
406
407
410
1069
1082
1100
411
413
414
393
397
406
394
395
407
1102
398
399
408
1140
397
398
1104
2226
397
398
403
2227
2228
405
1141
2229
400
405
411
1138
401
402
412
446
1175
404
413
448
404
405
451
1176
2230
404
405
2231
453
2232
1142
2233
407
410
408
1082
1124
411
1083
1125
410
414
1078
1083
1080
1082
412
1092
1101
413
447
1091
1131
415
455
415
1087
1092
459
1089
1091
417
460
554
2224
3044
466
623
420
421
1338
420
421
1339
1343
1344
424
426
427
428
664
1143
432
433
437
443
455
426
428
429
663
1144
1352
429
430
431
434
429
430
1146
430
431
435
682
1148
429
431
681
437
1150
438
685
434
436
445
435
436
440
457
463
437
438
437
438
458
464
438
439
703
459
465
440
445
466
728
441
443
450
467
444
452
461
466
468
444
445
466
2249
444
445
448
453
2250
447
448
449
451
1174
455
456
1152
1159
450
453
455
450
454
456
470
1195
452
457
469
453
454
1177
2251
453
454
471
2252
2253
472
1196
2254
457
459
457
474
1153
1182
458
473
459
475
1148
1153
1150
1152
461
466
550
2120
2249
462
2112
2250
2252
468
550
552
2131
2257
464
467
473
703
704
465
475
682
706
596
685
703
705
730
468
469
728
729
471
730
732
470
471
473
874
472
474
882
1187
472
884
2257
883
1189
2258
474
475
878
476
899
1192
476
901
1156
900
1153
1157
1194
479
483
491
493
496
714
484
498
500
501
785
485
491
494
496
498
499
672
753
782
784
486
489
501
503
787
482
508
509
511
669
676
485
508
511
514
672
675
828
485
508
524
526
529
531
533
537
538
524
527
529
531
532
534
536
829
520
538
540
542
488
490
492
516
597
601
493
517
568
599
700
490
520
609
818
503
521
570
819
492
494
502
524
493
497
503
525
495
526
716
496
497
754
786
496
497
599
718
757
720
759
601
760
788
499
502
531
782
500
532
784
533
783
502
538
789
503
539
786
540
788
505
507
509
617
699
735
506
510
517
572
700
507
512
518
619
839
513
618
739
840
510
514
714
510
513
715
741
512
526
716
513
514
515
845
513
514
528
846
744
847
529
848
675
676
744
745
841
517
519
521
525
627
518
526
574
519
528
629
833
523
530
628
834
521
522
637
523
540
576
523
542
639
849
543
638
850
525
527
539
526
530
540
528
529
530
541
835
529
530
836
837
543
838
532
534
539
533
536
535
536
537
541
851
536
537
854
856
544
857
539
544
540
541
543
543
544
858
543
544
859
860
861
547
553
619
839
864
2690
547
554
624
865
2691
555
626
867
2692
549
551
553
736
832
2133
552
738
831
2132
2294
551
554
730
2134
552
555
731
2136
732
2135
2299
555
618
840
2703
555
623
2702
625
2704
557
559
560
562
578
793
794
1627
559
560
561
565
562
563
564
613
796
803
562
563
581
797
562
564
804
563
564
582
614
800
807
584
615
801
616
809
578
580
581
582
568
572
587
589
590
700
571
573
590
592
594
574
597
600
610
575
602
604
608
611
576
597
602
609
817
577
610
611
614
574
617
619
620
577
620
622
624
627
629
640
630
632
634
641
627
630
637
638
640
641
644
580
581
583
663
678
1632
583
584
585
593
679
693
583
585
681
583
584
695
584
585
594
683
697
586
595
596
685
589
693
695
696
801
588
591
617
668
699
589
593
693
702
710
595
600
701
591
595
610
620
592
593
621
667
596
622
703
595
596
705
595
596
614
615
598
612
627
600
601
613
796
817
600
601
701
799
615
801
802
819
603
605
612
630
604
607
609
631
606
632
607
608
613
803
817
607
608
806
808
820
616
809
637
820
612
615
640
612
616
641
613
642
615
616
615
616
618
621
674
619
625
736
626
629
621
626
640
622
625
673
623
728
624
625
730
626
644
626
731
646
628
642
629
638
645
863
646
864
631
635
642
632
636
637
633
634
636
870
635
643
871
636
638
645
872
639
873
639
639
868
869
642
646
642
643
645
644
645
862
646
865
646
866
867
648
651
653
654
656
677
822
921
1635
653
654
655
665
917
651
652
653
656
657
670
821
918
660
661
666
747
822
824
823
922
1636
656
657
658
659
724
656
657
936
656
658
660
688
657
658
689
725
937
825
726
940
662
692
727
662
717
821
825
826
662
694
822
825
662
696
718
757
826
698
719
664
677
680
681
683
919
1646
680
681
682
1154
677
687
688
689
916
678
694
695
696
790
668
673
703
704
705
674
707
709
710
671
672
714
715
717
671
672
675
723
724
726
880
676
722
723
724
714
717
720
821
674
728
729
731
733
735
736
676
742
745
827
876
741
742
678
687
688
690
920
1647
694
695
697
793
822
1648
683
684
685
686
705
683
684
687
924
683
685
684
685
1156
690
691
706
926
690
691
692
693
710
690
691
929
690
692
694
691
692
711
930
697
712
933
698
713
697
698
697
698
697
797
698
701
799
702
700
702
709
715
701
716
702
718
713
719
728
706
707
729
878
706
710
712
901
708
712
733
902
709
711
721
734
879
713
722
735
712
713
712
713
725
906
908
727
716
720
716
719
722
718
719
720
724
719
720
727
826
722
723
725
740
881
727
741
726
742
911
726
727
726
727
913
915
730
732
733
874
731
732
736
738
884
734
738
885
735
737
740
875
739
741
738
739
738
739
743
831
889
890
744
832
741
742
743
877
744
745
894
744
745
842
896
843
844
898
747
748
750
755
756
758
793
822
1462
755
756
757
790
751
761
762
765
767
769
770
772
795
1465
752
762
763
764
753
761
763
765
766
823
1464
769
770
771
792
776
777
778
754
756
758
759
775
777
779
780
821
758
759
760
768
758
760
769
798
758
759
824
759
760
799
772
826
773
802
765
766
767
1521
765
767
776
765
766
777
766
767
1522
779
1526
1527
772
773
774
775
786
772
773
811
772
774
776
773
774
787
813
779
788
815
781
789
779
780
781
782
779
781
779
780
780
781
783
784
785
784
785
786
784
785
789
788
789
788
789
818
819
793
797
798
799
794
804
805
806
795
811
812
813
795
797
798
800
1509
795
804
805
807
1626
811
812
814
1510
800
801
802
810
800
801
800
802
811
801
802
814
815
807
808
809
810
807
809
807
808
812
808
809
814
816
814
815
816
817
814
815
814
816
815
816
818
819
820
819
820
819
820
823
824
825
826
823
824
825
1637
1638
825
826
828
841
844
1847
2128
2130
2279
829
845
848
2681
2682
2851
835
837
851
852
855
856
2676
2678
2852
852
853
854
2853
832
842
2125
2292
840
843
2127
834
836
839
864
2669
838
850
863
2675
837
838
858
2678
837
838
846
2670
848
2676
860
2677
840
846
2671
847
2679
843
844
845
2130
843
844
2126
2284
847
2129
2128
2287
847
848
2682
847
848
2672
2680
2681
850
859
869
2673
860
868
2683
855
856
857
858
855
856
2874
855
857
2685
2875
856
857
2686
2877
861
860
861
2686
860
861
2674
2684
2685
865
866
871
2693
864
866
868
2689
867
2688
867
2694
867
872
2696
2695
869
872
2698
873
2697
871
873
2687
872
2699
873
2701
2700
878
882
884
885
877
879
885
887
889
880
893
894
895
898
997
2279
881
892
894
896
899
901
902
881
902
904
906
910
911
912
915
918
1008
909
911
913
883
886
899
975
884
888
976
2296
890
2299
886
890
902
887
888
903
1009
891
892
904
1010
890
891
1012
2289
890
891
896
2292
2294
897
1015
2295
893
897
909
996
894
895
910
1016
898
911
897
898
1019
2281
897
898
2284
1022
2286
2287
900
903
992
901
905
923
993
908
926
903
908
904
905
1055
907
909
1056
907
908
927
1058
907
908
913
930
914
932
1061
933
910
914
1007
911
912
1062
915
914
915
934
1065
914
915
937
939
1068
940
917
920
928
929
930
921
935
936
937
922
934
936
938
940
1006
920
924
925
952
972
1144
1154
1155
921
928
929
931
953
1038
922
935
936
938
956
1000
957
1039
925
926
927
979
1157
925
926
929
1154
931
982
1155
933
1156
931
932
933
1048
931
932
935
1050
931
933
932
933
937
1052
939
1054
938
939
940
1031
938
939
1032
938
940
939
940
1035
1037
943
944
946
948
952
953
954
955
962
1198
1633
1649
943
945
947
1634
1651
944
946
1639
1659
945
948
968
1660
949
967
1661
947
948
956
1642
949
957
1643
949
958
969
959
970
951
954
960
962
1023
955
962
978
1217
953
955
1213
1646
954
956
1647
955
958
1038
972
1215
957
958
1635
959
1636
959
960
1000
961
1039
961
969
1001
970
1040
964
965
968
969
1218
3238
964
966
967
3260
965
968
3258
966
969
970
968
970
3256
969
3240
970
972
973
980
981
1158
1190
978
980
981
982
1038
1164
978
985
986
987
1227
975
977
991
995
1185
976
992
1009
1187
977
1012
1189
2319
1014
1188
2320
985
986
988
1023
1237
982
983
993
1048
1191
982
983
986
1049
982
1155
1167
1191
1052
989
994
1053
1190
988
989
990
1041
988
990
1247
988
989
1042
989
990
1190
1248
1045
1047
1251
992
994
1005
1186
993
1055
1192
994
1058
1194
1060
1193
1005
1009
1011
1014
1007
1010
1016
1018
1022
1008
1016
1017
1019
1021
2302
999
1001
1002
1025
1026
1027
1000
1004
1032
1033
1034
1001
1032
1033
1035
1038
1039
1023
1025
1026
1028
1040
1004
1023
1042
1043
1044
1006
1024
1026
1028
1030
1040
1038
1049
1050
1051
1055
1057
1060
1008
1031
1033
1035
1036
1039
1056
1062
1064
1068
1062
1063
1065
1067
1010
1012
1055
1011
1015
1056
1013
1018
1057
1014
1015
2303
1014
1015
1020
2306
2308
1022
2309
1017
1019
1062
1018
1021
1063
1020
1064
1021
1022
2310
1021
1022
2313
2315
2316
1038
1042
1043
1045
1028
1029
1030
1028
1029
1043
1028
1030
1033
1029
1030
1034
1044
1046
1036
1035
1036
1037
1065
1035
1037
1050
1035
1036
1036
1037
1051
1066
1067
1054
1068
1049
1050
1052
1040
1045
1046
1047
1045
1047
1049
1045
1046
1046
1047
1051
1053
1052
1053
1054
1058
1052
1053
1052
1054
1053
1054
1059
1060
1061
1056
1058
1057
1061
1059
1064
1060
1061
1060
1061
1066
1068
1063
1065
1064
1067
1066
1067
1068
1067
1068
1072
1075
1077
1079
1080
1095
1071
1073
1076
1077
1078
1074
1085
1086
1087
1073
1139
1208
1074
1076
1077
1079
1116
1209
1085
1086
1088
1097
1144
1212
1079
1080
1081
1082
1117
1079
1081
1085
1119
1079
1080
1080
1081
1087
1121
1083
1090
1123
1083
1127
1092
1130
1088
1089
1090
1091
1109
1145
1088
1090
1110
1088
1089
1146
1089
1090
1113
1149
1150
1092
1115
1092
1134
1152
1137
1094
1099
1102
1103
1106
1100
1102
1104
1106
2321
1100
1117
1118
1121
1122
1139
1225
1097
1098
1110
1111
1112
1223
1110
1111
1113
1116
1164
1214
1224
1116
1118
1119
1120
1226
1100
1124
1126
1129
1124
1127
1129
1125
1131
1132
1137
1138
1104
1124
1140
1105
1107
1126
1140
1106
1141
2322
1106
1108
1141
2325
2326
1108
1132
1138
1160
1142
1161
2327
1113
1114
1115
1134
1165
1113
1115
1119
1113
1114
1166
1232
1114
1115
1120
1135
1233
1169
1136
1170
1236
1123
1137
1118
1119
1121
1139
1210
1229
1121
1122
1123
1127
1121
1122
1239
1121
1123
1122
1123
1128
1241
1129
1244
1130
1125
1127
1126
1130
1140
1128
1132
1129
1130
1129
1130
1135
1137
1133
1134
1159
1175
1133
1135
1136
1160
1171
1136
1137
1172
1136
1137
1173
1140
1142
1175
1211
1228
1141
1142
2323
1176
2324
1144
1146
1147
1148
1154
1146
1147
1149
1164
1213
1149
1150
1151
1152
1165
1149
1150
1149
1151
1155
1167
1150
1151
1156
1169
1153
1157
1180
1153
1172
1184
1155
1156
1157
1157
1191
1164
1166
1167
1168
1227
1171
1172
1174
1182
1161
1162
1175
1163
1176
2261
1163
1171
1174
1178
1177
1179
2262
1166
1167
1169
1215
1237
1169
1170
1172
1180
1169
1170
1246
1169
1180
1170
1180
1183
1190
1248
1173
1250
1173
1181
1173
1184
1183
1175
1177
1195
1176
1177
2259
1196
2260
1179
1181
1185
1195
1188
1196
2264
1184
1191
1182
1183
1186
1184
1192
1195
1184
1193
1194
1186
1187
1188
1192
1193
1189
1192
1195
1189
2265
1196
2266
1191
1193
1194
1194
1194
1196
2263
1198
1199
1200
1203
1345
1441
1199
1203
1204
1212
1213
1214
1215
1218
1291
1442
1201
1204
1220
1444
1201
1202
1346
1445
1205
1219
1446
1203
1205
1208
1347
1204
1209
1348
1205
1210
1221
1211
1222
1207
1210
1216
1221
1229
1211
1222
1228
1209
1211
1349
1210
1212
1350
1211
1214
1213
1214
1351
1215
1352
1215
1216
1217
1217
1218
1224
1218
1237
1220
1221
3131
1220
1222
3147
1221
3115
1222
1224
1226
1231
1232
1233
1229
1231
1232
1234
1237
1228
1238
1239
1242
1244
1229
1239
1240
1241
1237
1246
1247
1248
1229
1239
1240
1242
1234
1235
1236
1245
1234
1235
1240
1234
1236
1246
1235
1236
1241
1249
1243
1250
1246
1247
1249
1242
1243
1244
1242
1244
1242
1243
1243
1244
1249
1250
1251
1249
1250
1249
1251
1250
1251
1253
1254
1263
1266
1268
1272
1273
1275
1291
1353
1379
1381
1383
1442
1473
1263
1265
1268
1361
1452
1271
1272
1275
1293
1370
1256
1258
1259
1266
1273
1478
1262
1274
1277
1278
1281
1283
1488
1278
1279
1280
1489
1261
1267
1277
1279
1281
1282
1490
1261
1262
1268
1275
1371
1285
1286
1287
1374
1269
1284
1286
1288
1289
1375
1276
1284
1287
1288
1290
1377
1264
1266
1453
1535
1265
1267
1454
1536
1269
1359
1455
1267
1268
1538
1269
1539
1269
1357
1362
1271
1272
1274
1312
1557
1276
1313
1367
1273
1314
1556
1274
1275
1559
1276
1560
1276
1364
1369
1281
1282
1283
1284
1281
1283
1585
1281
1282
1586
1282
1283
1285
1588
1289
1290
1288
1289
1290
1289
1290
1288
1289
1436
1288
1290
1437
1438
1293
1301
1303
1314
1315
1317
1332
1333
1345
1348
1351
1352
1633
1305
1307
1309
1355
1300
1313
1314
1315
1298
1299
1300
1303
1315
1326
1298
1300
1302
1305
1306
1308
1310
1365
1320
1321
1322
1327
1299
1300
1306
1307
1308
1311
1313
1367
1304
1319
1321
1323
1324
1328
1318
1319
1322
1323
1325
1329
1301
1370
1302
1303
1345
1381
1304
1346
1382
1304
1330
1348
1331
1347
1306
1310
1392
1307
1308
1393
1311
1394
1310
1311
1319
1310
1311
1320
1324
1325
1313
1314
1316
1629
1318
1317
1628
1317
1318
1334
1317
1318
1335
1630
1336
1631
1337
1323
1324
1325
1324
1325
1323
1324
1340
1323
1325
1341
1342
1328
1329
1330
1334
1339
1340
1341
1331
1338
1340
1342
1344
1337
1338
1341
1342
1343
1331
1332
1350
1349
1333
1334
1351
1336
1352
1632
1336
1337
1336
1337
1626
1627
1342
1343
1344
1343
1344
1342
1344
1342
1343
1346
1348
1353
1347
1378
1348
1349
1350
1350
1351
1352
1646
1378
1379
1381
1441
1386
1387
1388
3099
1392
1394
1396
1400
1401
1402
1361
1362
1363
1371
1383
1361
1363
1380
1385
1386
1389
1391
3100
1361
1362
1385
1387
1389
1390
3101
1372
1407
1408
1409
1379
3102
1375
1406
1408
1410
1411
1376
1384
1406
1409
1410
1412
1368
1369
1370
1371
1383
1368
1370
1382
1392
1393
1395
1398
1373
1414
1415
1416
1369
1370
1393
1394
1395
1397
1376
1384
1413
1415
1417
1419
1377
1413
1416
1417
1418
1381
1375
1376
1377
1421
1422
1423
1428
1429
1430
1435
1436
1437
1420
1422
1424
1425
1434
1436
1438
1439
1420
1423
1424
1426
1427
1429
1431
1432
1427
1430
1431
1433
1434
1437
1438
1440
1380
1382
1445
1380
1383
1449
1384
1450
1382
1383
1384
1384
1389
1390
1391
1406
1389
1391
3105
1389
1390
3106
1390
1391
1407
3107
1411
1412
1393
1398
1394
1395
1397
1397
1398
1413
1397
1398
1414
1418
1419
1403
1404
1405
1420
1427
1434
1403
1404
1421
1404
1405
1428
1403
1405
1435
1425
1439
1426
1432
1433
1440
1410
1411
1412
1411
1412
1410
1411
1422
1410
1412
1423
1424
1417
1418
1419
1418
1419
1417
1419
1429
1417
1418
1430
1431
1424
1425
1426
1425
1426
1424
1425
1424
1426
1431
1432
1433
1432
1433
1431
1432
1431
1433
1438
1439
1440
1439
1440
1438
1439
1438
1440
1442
1444
1445
1449
1443
1444
1447
1449
1452
1453
1457
1649
3131
1451
1452
1457
3127
3185
1446
1447
3115
1446
1450
1448
3147
1448
1449
3127
3150
1450
3130
3151
1450
3102
3100
1455
1456
3129
3186
1453
1455
3102
1454
1457
1656
1455
1456
1657
3101
1457
1458
3187
1459
3188
1459
1657
1678
3253
1649
1656
1677
3254
1470
1477
1511
1512
1628
1633
1479
1514
1516
1518
1464
1465
1466
1509
1637
1469
1522
1523
1524
1471
1521
1523
1525
1526
1638
1472
1510
1521
1524
1525
1527
1470
1471
1472
1512
1644
1470
1471
1496
1515
1516
1517
1519
1641
1470
1472
1497
1511
1514
1515
1517
1520
1529
1530
1531
1499
1640
1528
1530
1532
1533
1645
1513
1528
1531
1532
1534
1474
1477
1535
1538
1540
1542
1543
1545
1547
1556
1559
1561
1633
1649
1487
1535
1537
1540
1650
1542
1544
1546
1634
1651
1549
1551
1553
1652
1499
1556
1558
1561
1488
1490
1491
1538
1559
1563
1565
1567
1571
1572
1573
1485
1486
1487
1502
1540
1547
1485
1487
1537
1549
1550
1552
1554
1653
1486
1487
1544
1550
1551
1552
1555
1654
1503
1578
1579
1580
1506
1541
1577
1579
1581
1582
1507
1548
1577
1580
1581
1583
1543
1655
1494
1560
1584
1585
1588
1590
1585
1586
1587
1493
1539
1584
1586
1588
1589
1493
1494
1502
1540
1561
1504
1592
1593
1594
1506
1541
1591
1593
1595
1596
1508
1562
1591
1594
1595
1597
1499
1500
1501
1502
1547
1561
1499
1500
1546
1564
1565
1566
1568
1499
1501
1558
1563
1564
1566
1569
1505
1599
1600
1601
1545
1507
1548
1598
1600
1602
1603
1508
1562
1598
1601
1602
1604
1506
1507
1508
1606
1607
1608
1613
1614
1615
1620
1621
1622
1605
1607
1609
1610
1612
1614
1616
1617
1605
1608
1609
1611
1619
1621
1623
1624
1612
1615
1616
1618
1619
1622
1623
1625
1510
1512
1627
1648
1513
1626
1513
1558
1629
1513
1631
1633
1630
1515
1520
1563
1516
1517
1564
1519
1565
1519
1520
1528
1519
1520
1529
1533
1534
1525
1526
1527
1526
1527
1525
1526
1530
1525
1527
1531
1532
1532
1533
1534
1533
1534
1532
1533
1532
1534
1536
1538
1656
1537
1539
1657
1541
1658
1539
1540
1541
1541
1543
1545
1639
1659
1544
1547
1662
1548
1663
1546
1547
1640
1548
1641
1548
1550
1554
1666
1551
1552
1667
1555
1668
1554
1555
1577
1554
1555
1578
1582
1583
1557
1559
1628
1558
1560
1629
1562
1560
1561
1562
1562
1564
1569
1565
1566
1568
1568
1569
1598
1568
1569
1599
1603
1604
1574
1575
1576
1605
1612
1619
1574
1575
1606
1574
1576
1613
1575
1576
1620
1610
1617
1611
1624
1618
1625
1581
1582
1583
1582
1583
1581
1582
1607
1581
1583
1608
1609
1588
1589
1590
1591
1588
1590
1588
1589
1589
1590
1592
1596
1597
1595
1596
1597
1596
1597
1595
1596
1614
1595
1597
1615
1616
1602
1603
1604
1603
1604
1602
1603
1621
1602
1604
1622
1623
1609
1610
1611
1610
1611
1609
1610
1609
1611
1616
1617
1618
1617
1618
1616
1617
1616
1618
1623
1624
1625
1624
1625
1623
1624
1623
1625
1627
1630
1631
1632
1629
1631
1633
1630
1631
1633
1633
1646
1648
1639
1640
1642
1644
1646
1647
1648
1639
1641
1643
1636
1637
1642
1647
1638
1643
1638
1644
1648
1645
1640
1642
1641
1644
1645
1643
1644
1645
1645
1647
1648
1650
1656
1659
1660
1662
1664
1677
3238
1655
1656
1658
1677
1659
1661
1663
1666
1668
1670
1655
1658
1666
1667
1669
1671
1675
1655
1663
1667
1668
1669
1672
1676
1662
1673
1657
1658
1678
1660
1662
1661
1664
3240
1665
3256
1663
1664
1665
1665
1673
3261
1676
3262
1667
1671
1668
1669
1672
1671
1672
1679
1671
1672
1680
1684
1685
1675
1676
1677
3245
1680
1681
1682
3246
1678
1679
1681
1683
1684
3247
1679
1682
1683
1685
3248
1678
3252
3255
1683
1684
1685
1684
1685
1683
1684
3272
1683
1685
3273
3274
1687
1690
1693
1695
1727
1998
1690
1691
1693
1999
1689
1693
1727
1728
1730
2000
1694
1716
1729
1733
2002
1692
1695
1707
1692
1694
1715
2003
1696
1709
1724
1694
1695
2004
1696
1723
2005
1696
1710
1730
1713
1726
1733
1699
1700
1701
1705
1700
1702
1703
1706
1737
1757
1707
1708
1712
1702
1703
1702
1704
1708
1756
1706
1770
1705
1706
1740
1705
1706
1711
1743
1769
1712
1744
1746
1773
1709
1710
1709
1711
1714
1713
1719
1712
1713
1747
1712
1713
1750
1785
1751
1721
1753
1718
1719
1756
1785
1723
1724
2007
2010
1723
1759
1784
2006
2012
1720
1721
1722
1774
1786
2044
1720
1768
1786
2046
1720
1721
1724
1725
2047
1726
1780
1785
1725
1726
1781
2008
2049
1726
2008
2015
1725
1726
2007
2051
1784
1728
1730
1732
1735
1814
1996
1729
1732
1997
2027
1731
1759
2001
2029
1732
1733
1747
1732
1733
1749
1782
1816
1752
1817
1753
1784
1736
1737
1787
1790
1792
1794
1747
1748
1751
1752
1788
1789
1791
1793
1795
1745
1787
1789
1790
1796
1740
1742
1745
1746
1755
1797
1739
1741
1742
1743
1754
1798
1748
1749
1750
1758
1799
1744
1745
1746
1790
1744
1745
1748
1789
1801
1745
1746
1762
1802
1744
1746
1750
1763
1751
1793
1804
1766
1751
1752
1753
1751
1752
1808
1752
1753
1776
1809
1751
1753
1777
1811
1780
1758
1761
1762
1763
1819
1757
1760
1762
1765
1766
1820
2058
1768
1769
1770
1767
1770
1771
1773
2056
1775
1776
1777
1821
1782
2009
2037
2042
1764
1765
1766
1767
2069
1764
1765
1775
1823
2072
1765
1766
1824
1764
1766
1769
1777
1772
1778
2073
1826
2074
1773
1771
1772
1773
2060
1771
1772
2063
1772
1773
1785
1771
1773
2064
1786
2065
1778
1779
1780
1781
2078
1778
1779
1830
2081
1779
1780
1782
1831
1778
1780
1785
1786
2082
1783
1833
2083
1784
1783
1784
2006
2053
1783
1784
1837
1838
2042
2077
1786
2068
1788
1792
1840
1789
1791
1841
1793
1842
1792
1793
1792
1793
1796
1797
1840
1843
1845
2445
1807
1808
1811
1812
1814
1841
1842
1844
1846
2446
1804
1840
1842
1843
1800
1802
1804
1806
1820
2603
1799
1801
1802
1803
1819
1808
1809
1810
1821
1804
1805
1806
1843
2605
1804
1805
1808
1842
1804
1806
1824
1805
1806
1810
1825
2607
1812
1846
2609
1828
2611
1811
1812
1813
1815
2612
1811
1812
1811
1813
1816
1831
1812
1813
1832
2614
1817
2615
1818
1835
2616
1815
1817
2025
2026
2027
2465
1817
1818
2025
2466
1817
1818
1837
2029
2027
1839
2028
2469
1821
1823
1824
1825
1822
1824
1826
1828
2087
2621
1830
1831
1832
1826
1827
1828
2091
2625
1826
1827
1830
2093
1826
1828
1827
1828
1832
2626
2095
1834
2097
2629
2631
1833
1834
1835
1836
2099
2639
1833
1834
2101
1833
1835
1837
1834
1835
2640
1838
2103
2104
2642
1839
2643
1838
1839
2036
2116
2585
1838
1839
2037
2034
2118
2038
2588
1841
1845
1842
1844
1846
1845
1846
2447
1845
1846
2448
2451
2452
1848
1850
1899
2142
2144
2157
2851
1850
1851
1907
2144
2866
1850
1851
1908
2138
2140
2162
1911
2142
2164
1912
2141
2143
2870
1858
1859
1861
1862
1871
1921
1922
1923
1950
2026
3052
1856
1858
1860
1906
2017
3069
1856
1863
1864
1869
1910
3081
1863
1865
1867
1868
1874
1890
1893
1895
1896
1899
3057
1857
1862
1903
3070
1859
1860
1864
1897
1951
1861
1862
2018
3071
1861
1862
1866
1957
1861
1902
1958
2019
1961
2020
1869
3073
1865
1867
1913
3083
1866
1867
1873
1898
1868
1869
1925
3084
1868
1869
1884
1923
1868
1885
1909
1888
1926
1922
3086
1871
1914
1917
1918
1929
1950
1921
1923
1927
1928
1875
1877
1878
1879
1931
1884
1885
1886
1951
1967
1876
1878
1881
1882
1883
1885
1888
1889
1968
1891
1892
1893
1930
1880
1881
1882
1916
1880
1881
1891
1917
1938
1881
1882
1893
1880
1882
1939
1919
1941
1895
1915
1887
1888
1889
1916
1887
1888
1914
1957
1888
1889
1971
1887
1889
1959
1972
1920
1960
1915
1975
1894
1895
1896
1925
3074
1894
1895
1927
1933
1894
1896
1934
3076
1895
1896
1924
1936
3078
1926
3080
1898
1901
1902
1903
1976
1908
1909
1910
1967
1907
1909
1911
1913
1968
2721
1904
1905
1906
2021
2145
2795
1904
1905
1908
1978
2140
1904
1906
1979
2022
1905
1906
1910
2794
1982
2023
2147
1912
2141
2797
2024
2793
1911
1912
1913
2801
1911
1912
1970
1911
1913
1971
1912
1913
2798
1974
2803
2800
1915
1920
1923
1950
1916
1917
1926
1919
1920
1919
1927
1929
1919
1920
1929
1950
1929
1950
1922
1924
1928
3054
1923
1925
3088
1926
1925
1927
1928
3089
1926
3090
1927
1928
1929
1932
1933
1935
1936
1942
1943
1944
1945
3050
1937
1938
1940
1941
1946
1947
1948
1949
1931
1933
1934
1938
1939
1935
1936
3060
1935
1936
1938
1936
3062
1940
3064
1940
1941
1940
1941
1941
1944
1945
3065
1944
1945
1947
3067
1948
1948
1949
1948
1949
1956
1957
1960
1961
1996
1957
1958
1959
1976
1954
1955
1956
1965
1996
2000
1954
1955
1958
1985
2001
2019
1961
1996
1997
2020
1962
1966
1987
2002
1960
1961
1962
1960
1961
1961
1962
1979
1960
1962
1980
1983
1964
1965
1998
1999
1966
1991
2003
1966
1998
2004
1993
2005
1970
1971
1972
1976
1969
1971
1974
1975
2157
1973
1974
1975
1994
2159
1973
1974
1978
2162
1974
1975
1973
1975
1980
1981
1995
2163
2164
1978
1979
1980
1981
1982
1983
1984
1988
2188
1981
1982
2191
1982
1983
1985
1981
1983
1989
2192
1986
2193
1987
1986
1987
1990
2013
2195
1986
1987
2009
2022
2011
2023
2197
1993
2012
1989
1990
2170
1995
2175
1992
1993
2016
2184
1992
1993
2010
2014
2186
2015
1995
2177
2182
1997
1998
2000
2026
2000
2001
2031
1999
2004
2003
2004
2002
2004
2002
2009
2033
2005
2012
2005
2010
2005
2015
2008
2013
2042
2204
2008
2014
2201
2016
2202
2011
2012
2040
2014
2015
2013
2035
2042
2211
2013
2015
2016
2212
2016
2208
2016
2209
2018
2019
2024
2032
3003
2020
2026
2030
3008
2020
2022
2033
2026
2031
2023
2024
2039
2153
3041
2023
2024
2040
2035
2155
2041
3042
2027
2028
2030
3000
2030
2031
2999
2029
2031
2029
2032
2038
3002
2033
2037
2031
2032
3005
2033
2033
2041
3007
2040
2035
2036
2037
2042
2114
2039
2040
2151
2038
2039
2115
3012
2038
2040
2041
3023
2041
2152
3016
2041
3038
2214
2045
2046
2055
2067
2328
2047
2048
2049
2068
2078
2047
2048
2050
2268
2047
2063
2068
2051
2052
2067
2084
2269
2051
2052
2053
2202
2051
2052
2199
2270
2201
2054
2200
2272
2054
2077
2078
2204
2076
2084
2203
2274
2061
2062
2063
2329
2058
2060
2061
2064
2066
2321
2059
2070
2071
2072
2086
2241
2069
2071
2074
2075
2087
2225
2079
2080
2081
2088
2242
2064
2065
2066
2069
2064
2066
2330
2065
2066
2067
2070
2331
2064
2065
2068
2073
2075
2332
2068
2079
2333
2082
2073
2074
2075
2073
2075
2079
2243
2074
2075
2092
2244
2073
2074
2081
2093
2082
2095
2245
2077
2080
2117
2213
2278
2083
2118
2214
2082
2083
2084
2082
2084
2246
2083
2084
2100
2247
2082
2083
2101
2103
2248
2086
2089
2090
2215
2239
2241
2088
2092
2093
2094
2091
2092
2095
2096
2236
2619
2089
2100
2101
2102
2106
2107
2219
2242
2094
2098
2107
2216
2240
2095
2096
2097
2632
2095
2096
2239
2095
2097
2101
2096
2097
2102
2633
2240
2636
2104
2637
2109
2124
2217
2617
2633
2103
2104
2105
2116
2644
2103
2105
2106
2117
2103
2104
2104
2105
2107
2645
2118
2647
2108
2119
2648
2108
2121
2221
2247
2108
2109
2220
2110
2122
2218
2110
2223
2624
2645
2123
2222
2564
2648
2112
2113
2114
2117
2149
2213
2120
2121
2131
2277
2115
2119
2120
2150
3043
2115
2118
2151
2214
2116
2152
3046
2118
2119
2649
2118
2119
2121
2122
2650
2122
2134
3044
2122
2250
2278
2123
2249
2224
2599
2650
3044
2234
2235
2240
2636
2651
2126
2127
2132
2137
2288
2128
2129
2138
2280
2129
2133
2139
2679
2130
2142
2283
2130
2143
2680
2144
2682
2134
2135
2149
2255
2133
2135
2146
2291
2136
2148
2703
2136
2150
2702
2136
2154
2297
2156
2704
2138
2139
2140
2146
2168
2142
2143
2158
2141
2143
2148
2863
2141
2147
2191
2145
2865
2144
2161
2144
2867
2872
2147
2148
2153
2963
2147
2148
2154
2190
2155
2193
2156
2964
2150
2151
2154
2206
2152
2156
3045
2152
2155
2211
2153
3047
2155
2156
3048
2155
2156
2196
2197
3049
2159
2161
2164
2165
2169
2279
2160
2161
2162
2168
2280
2163
2164
2165
2177
2163
2165
2179
2189
2282
2164
2165
2283
2163
2164
2191
2182
2192
2183
2285
2167
2171
2172
2173
2300
2178
2179
2180
2301
2189
2190
2191
2288
2177
2178
2181
2183
2302
2174
2175
2176
2184
2188
2174
2176
2185
2304
2175
2176
2179
2189
2305
2174
2175
2180
2186
2182
2192
2187
2194
2307
2181
2182
2183
2181
2183
2311
2182
2183
2312
2181
2182
2314
2186
2187
2195
2209
2186
2187
2205
2317
2208
2198
2207
2318
2192
2193
2194
2195
2192
2194
2290
2193
2194
2196
2291
2192
2193
2197
2198
2293
2197
2198
2212
2197
2198
2206
2297
2211
2210
2298
2200
2201
2205
2267
2202
2203
2207
2271
2202
2208
2204
2209
2204
2210
2213
2273
2212
2214
2207
2208
2275
2210
2211
2213
2255
2209
2210
2276
2209
2212
2212
2256
2212
2214
2214
2277
2216
2219
2227
2238
2217
2220
2237
2223
2235
2220
2221
2222
2249
2220
2221
2231
2223
2232
2250
2223
2224
2249
2226
2228
2236
2244
2245
2321
2228
2229
2245
2322
2228
2229
2231
2241
2238
2244
2233
2243
2323
2232
2233
2248
2251
2259
2232
2233
2242
2247
2253
2246
2324
2235
2236
2619
2651
2660
2237
2237
2238
2239
2240
2238
2240
2239
2240
2244
2242
2243
2244
2246
2247
2245
2246
2331
2245
2332
2248
2333
2248
2278
2269
2274
2250
2253
2253
2254
2260
2274
2253
2254
2257
2277
2278
2258
2263
2273
2256
2257
2277
2297
2258
2273
2276
2298
2258
2299
2266
2296
2260
2261
2269
2324
2262
2263
2272
2262
2268
2327
2264
2270
2264
2266
2271
2265
2267
2266
2275
2320
2276
2319
2270
2271
2275
2269
2270
2328
2272
2333
2272
2272
2273
2276
2274
2274
2277
2278
2276
2317
2318
2278
2281
2283
2285
2287
2302
2282
2283
2284
2288
2285
2286
2287
2310
2285
2286
2290
2312
2285
2287
2286
2287
2292
2314
2295
2316
2290
2291
2292
2293
2294
2295
2296
2303
2293
2295
2305
2293
2294
2297
2294
2295
2298
2307
2299
2309
2298
2299
2319
2298
2299
2318
2301
2304
2305
2306
2311
2312
2313
2310
2311
2314
2315
2307
2308
2309
2319
2307
2308
2317
2307
2309
2312
2308
2309
2313
2318
2320
2316
2314
2315
2316
2314
2315
2314
2316
2315
2316
2318
2320
2319
2320
2322
2326
2330
2332
2323
2326
2332
2324
2325
2331
2327
2333
2326
2327
2329
2330
2328
2329
2333
2330
2331
2332
2332
2333
2335
2336
2431
2432
2433
2454
2337
2339
2432
2433
2435
2456
2463
2464
2337
2438
2439
2440
2444
2347
2397
2398
2401
2402
2404
2405
2408
2409
2439
2440
2443
2446
2340
2352
2353
2354
2455
2347
2457
2462
2661
2668
2345
2352
2353
2356
2365
2366
2369
2371
2437
2438
2441
2442
2445
2348
2359
2360
2361
2366
2367
2368
2349
2373
2374
2375
2474
2602
2380
2381
2382
2476
2372
2374
2376
2378
2379
2381
2384
2385
2479
2603
2350
2387
2388
2389
2480
2393
2395
2415
2417
2465
2663
2665
2971
2993
2995
2398
2399
2400
2405
2406
2407
2481
2604
2420
2421
2422
2484
2355
2356
2357
2430
2355
2356
2431
2455
2356
2357
2460
2355
2357
2455
2434
2455
2436
2461
2362
2363
2364
2365
2386
2437
2362
2363
2398
2439
2458
2362
2364
2367
2363
2364
2387
2400
2369
2441
2459
2390
2402
2443
2370
2391
2369
2370
2371
2379
2369
2371
2460
2369
2370
2370
2371
2380
2461
2383
2384
2376
2377
2378
2386
2437
2376
2377
2405
2440
2606
2376
2378
2505
2608
2377
2378
2388
2407
2506
2442
2610
2390
2409
2443
2392
2509
2383
2384
2385
2386
2383
2384
2384
2385
2512
2383
2385
2389
2513
2391
2392
2516
2390
2391
2392
2390
2391
2420
2390
2392
2421
2532
2391
2392
2533
2423
2537
2395
2396
2397
2411
2665
2395
2396
2399
2662
2401
2462
2663
2403
2413
2664
2401
2402
2403
2419
2401
2402
2463
2401
2403
2402
2403
2420
2464
2423
2424
2408
2409
2410
2415
2419
2408
2409
2613
2408
2410
2416
2470
2540
2409
2410
2421
2541
2417
2471
2423
2418
2425
2544
2413
2414
2415
2419
2992
2413
2414
2422
2428
2988
2424
2990
2418
2425
2429
2991
2417
2418
2995
2417
2418
2467
2596
2989
2468
2993
2598
2994
2423
2424
2425
2423
2424
2423
2425
2560
2424
2425
2426
2427
2427
2428
2484
2563
2429
2544
2559
2560
2429
2594
2996
2593
2598
2997
2434
2435
2436
2434
2436
2438
2454
2435
2436
2439
2458
2434
2435
2454
2454
2441
2459
2441
2442
2443
2441
2442
2449
2441
2443
2442
2443
2450
2453
2446
2448
2449
2450
2454
2447
2449
2451
2453
2455
2603
2448
2450
2452
2456
2465
2471
2612
2613
2615
2451
2452
2453
2605
2451
2452
2454
2451
2453
2454
2452
2453
2606
2454
2609
2610
2455
2456
2652
2657
2658
2659
2653
2654
2655
2656
2457
2465
3098
2459
2463
2461
2461
2464
2668
2464
2466
2468
2999
3000
3001
2468
2469
2612
3000
2468
2469
2470
2586
2998
2471
3001
2588
2616
3002
2471
2499
2604
2616
2612
2613
2473
2490
2491
2492
2496
2497
2481
2504
2505
2506
2618
2479
2489
2490
2493
2494
2524
2526
2528
2530
2619
2660
2511
2512
2513
2482
2485
2518
2519
2520
2483
2486
2525
2526
2527
2620
2503
2505
2507
2509
2510
2512
2514
2516
2621
2484
2532
2533
2534
2539
2540
2541
2622
2487
2546
2547
2548
2488
2553
2554
2555
2623
2560
2561
2487
2565
2566
2488
2568
2569
2617
2571
2572
2574
2575
2624
2493
2494
2495
2510
2517
2493
2494
2496
2494
2495
2511
2493
2495
2497
2518
2498
2522
2514
2515
2523
2498
2660
2498
2565
2567
2660
2500
2540
2586
2622
2643
2502
2542
2587
2639
2641
2502
2554
2564
2583
2623
2648
2556
2584
2644
2646
2507
2508
2509
2524
2531
2507
2508
2525
2539
2627
2507
2509
2628
2508
2509
2532
2541
2528
2630
2529
2535
2543
2537
2514
2515
2516
2531
2514
2515
2514
2516
2515
2516
2533
2536
2537
2521
2522
2523
2524
2531
2522
2523
2565
2521
2522
2527
2547
2566
2521
2523
2534
2548
2529
2535
2549
2530
2567
2536
2528
2529
2530
2528
2529
2553
2634
2528
2530
2568
2635
2529
2530
2555
2569
2638
2557
2570
2535
2536
2537
2535
2537
2560
2536
2537
2535
2536
2561
2562
2542
2543
2544
2552
2559
2595
2542
2543
2553
2641
2542
2544
2596
2543
2544
2560
2556
2597
2557
2562
2598
2549
2550
2551
2552
2559
2577
2550
2551
2571
2578
2549
2550
2555
2572
2549
2551
2561
2557
2562
2558
2573
2579
2563
2580
2556
2557
2558
2589
2556
2557
2646
2556
2558
2574
2590
2557
2558
2575
2591
2576
2592
2562
2563
2593
2562
2562
2563
2594
2574
2599
2624
2567
2567
2569
2572
2570
2570
2651
2660
2570
2575
2660
2573
2581
2573
2575
2576
2582
2576
2600
2576
2601
2579
2580
2589
2593
3018
2579
2580
2581
3010
2582
2592
3017
2594
3019
2582
3011
2601
3020
2584
2590
2599
2650
3021
2587
2591
2649
3022
2587
2588
2639
2649
3012
2587
2588
2596
3024
2597
3025
2643
3023
2591
2592
2595
3026
2591
2592
2600
3027
2597
3028
2601
3013
2594
2595
3014
3029
2597
2598
3015
2597
2598
3030
3031
3032
2600
3033
2601
3035
3034
2604
2606
2607
2608
2618
2605
2608
2610
2611
2621
2613
2614
2622
2609
2610
2611
2609
2610
2613
2609
2611
2614
2626
2610
2611
2628
2615
2631
2615
2616
2615
2615
2616
2640
2643
2620
2624
2651
2622
2626
2627
2628
2621
2632
2635
2636
2638
2623
2633
2634
2635
2625
2628
2630
2631
2640
2641
2624
2645
2646
2629
2630
2631
2632
2629
2631
2640
2629
2630
2634
2641
2630
2631
2637
2642
2638
2636
2637
2638
2636
2637
2645
2637
2638
2646
2636
2638
2651
2647
2642
2643
2644
2642
2643
2642
2646
2647
2647
2648
2649
2647
2648
2647
2650
2650
3046
3043
2657
2659
2655
2656
2658
2655
2656
2657
2658
2659
2666
2667
2705
2971
3098
2663
2664
2972
2665
2668
2974
2665
2976
2990
2979
2992
2667
2668
2974
2966
2977
2670
2671
2675
2688
2847
2672
2676
2677
2848
2672
2679
2690
2849
2680
2681
2850
2674
2683
2697
2928
2684
2685
2854
2677
2683
2689
2932
2678
2681
2857
2678
2684
2858
2686
2862
2680
2703
2863
2682
2867
2682
2868
2872
2684
2698
2950
2686
2881
2686
2882
2885
2699
2700
2929
3011
2689
2690
2695
2931
2696
2698
2935
2692
2703
2936
2692
2694
2702
3033
3036
2695
2704
2938
2694
2696
2699
2927
3034
2695
2943
3035
2696
2946
2701
2948
2698
2700
2951
2701
2954
2701
2956
3020
2701
2960
2961
2704
3044
3045
2704
2964
3049
2706
2707
2835
2836
2838
2965
2966
3058
2708
2834
2835
2836
3050
2708
2733
2734
2737
2738
2742
2743
2744
2745
2842
2843
2846
2971
3052
2841
2842
2843
3091
2712
2728
2729
3051
2714
2734
2735
2736
2718
2722
2746
2748
2902
2752
2753
2754
3055
2759
2760
2761
2766
2767
2768
2723
2740
2772
2773
2778
2786
2717
2724
2779
2780
2782
2787
2725
2751
2754
2756
2757
2772
2774
2775
2777
2780
2782
2784
3057
2726
2786
2788
2790
2720
2794
2796
2806
2904
3053
2798
2799
2802
2813
3056
2725
2799
2800
2801
2804
2851
3057
2726
2809
2810
2923
2805
2812
2813
2818
2826
2725
2819
2820
2822
2827
2812
2814
2815
2817
2820
2822
2824
2852
2826
2828
2830
2730
2731
2833
2730
2731
2752
2834
3061
2731
2753
2967
2837
3063
2755
2839
2968
2744
2894
3009
3052
3071
3072
2737
2738
2739
2747
2973
2737
2738
2766
2965
2737
2739
2975
2738
2739
2748
2768
2966
2977
2749
2770
2750
2978
2741
2745
2746
2805
2888
2743
2773
2806
2895
3053
2744
2745
2747
2888
2985
2744
2745
2776
3072
2895
2986
2749
2778
2749
2786
2809
2903
2749
2750
2903
2980
2749
2750
2790
2791
2902
2982
2755
2756
2757
2758
2840
2755
2756
2841
3075
2755
2757
2759
2756
2757
3077
2762
2844
2845
3079
2763
2762
2763
2764
2765
2782
2762
2763
2967
2762
2764
2767
2763
2764
2783
2769
2968
2784
2771
2785
2769
2770
2771
2789
2840
2769
2770
2842
2969
2769
2771
2770
2771
2790
2844
2970
2791
2846
2792
2774
2775
2787
2812
2774
2776
2813
3056
2777
2814
3082
2777
2778
2789
2840
2777
2778
2843
3085
2845
3087
2791
2846
2781
2785
2788
2819
2781
2784
2820
2783
2821
2784
2785
2789
2784
2785
2792
2787
2791
2826
2788
2789
2827
2792
2828
2791
2792
2791
2792
2794
2795
2904
3042
3069
2797
2798
3070
2797
2905
2963
3041
2797
2802
2807
2864
2905
2803
2865
2800
2803
3081
2800
2804
2814
3082
2801
3083
2803
2804
2866
2803
2804
2816
2869
2870
2817
2871
2806
2808
2809
2891
2807
2813
2906
2808
2816
2855
2908
2811
2818
2907
2934
2811
2826
2924
2811
2830
2926
2952
2831
2925
2953
2814
2815
2827
2814
2816
2817
2817
2818
2829
2856
2817
2818
2859
2860
2831
2861
2821
2825
2828
2821
2824
2823
2824
2825
2829
2873
2824
2825
2876
2878
2832
2879
2827
2831
2828
2829
2832
2831
2832
2880
2831
2832
2883
2884
2886
2837
2838
2839
2837
2839
2841
3050
2838
2839
2842
2969
2837
2838
3050
3050
2844
2970
2844
2845
2846
2844
2845
3092
2844
2846
2845
2846
3093
3094
2848
2849
2855
2931
2932
2850
2857
2858
2859
2850
2863
2864
2936
2867
2868
2869
2852
2866
2868
2871
2872
2856
2857
2860
2862
2873
2874
2877
2878
2874
2875
2876
2881
2882
2883
2928
2859
2864
2933
2934
2860
2861
2862
2880
2860
2862
2868
2861
2862
2881
2932
2860
2861
2869
2871
2884
2934
2885
2865
2867
2964
2865
2869
2937
2870
2963
2870
2871
2872
2870
2872
2871
2872
2870
2871
2877
2878
2879
2880
2877
2878
2877
2879
2882
2878
2879
2885
2886
2884
2885
2886
2884
2885
2950
2885
2886
2884
2886
2952
2953
2894
2899
2940
3003
3004
3009
2890
2891
2895
2903
2892
2896
2897
2902
2982
2893
2896
2899
2900
2985
2893
2906
2907
2924
2909
2910
2914
2923
2909
2916
2917
2919
2895
2904
3053
3069
2899
2906
2898
2903
2909
2980
2898
2910
2981
2988
2900
2911
2983
2991
2901
2916
2986
2901
2917
2987
2994
2918
2984
2989
3004
2903
2923
2924
2905
2906
2940
2908
2937
2941
2908
2916
2908
2919
2925
2930
2921
2933
2911
2912
2924
2911
2913
2996
2915
2917
2997
2914
2915
2919
2925
2959
2914
2915
2958
3029
2926
2962
2922
2957
3014
2918
2921
2940
2918
2922
3032
2920
3030
3039
2921
2922
2945
2921
2922
2944
3031
3040
2941
2947
2942
3015
2924
2926
2925
2926
2949
2955
2942
2943
2948
2956
3013
2950
2951
2952
2956
2958
2960
3010
2933
2934
2935
2945
2949
2933
2935
2936
2946
2934
2935
2950
2937
2947
2953
2948
2954
2937
2938
2964
2939
2963
2939
2946
3036
3049
2941
2947
3037
3048
2941
3039
3042
3040
3041
2944
2945
2957
3026
2944
2946
3027
3036
2947
3028
3037
2947
2948
2959
2947
2948
2961
2953
2954
2955
2959
2953
2954
2954
2955
2960
2953
2955
2961
2962
2957
2961
3017
2958
2959
3018
2962
3019
2961
2962
2961
2962
2964
3048
3049
2966
2969
2968
2970
2970
2973
2974
2977
2979
2984
2985
2986
2987
2999
2974
2975
2976
2977
2978
2979
2980
2977
2979
2977
2978
2978
2979
2981
2982
2983
2982
2983
2985
2982
2983
2990
2987
2992
2986
2987
2993
3006
2986
2987
3009
2995
2990
2991
2996
2993
2994
2998
3030
2992
2992
2994
2997
2995
2995
3001
2995
3032
2997
3029
3014
3032
3001
3002
3004
3024
3005
3006
3008
3009
3052
3098
3001
3002
3005
3006
3007
3023
3007
3008
3042
3069
3006
3007
3039
3006
3007
3008
3009
3038
3009
3071
3011
3017
3019
3020
3016
3023
3025
3046
3017
3026
3027
3034
3015
3018
3029
3026
3031
3032
3038
3040
3041
3047
3018
3020
3019
3026
3029
3034
3022
3027
3033
3036
3043
3025
3028
3037
3046
3024
3038
3025
3030
3039
3031
3040
3028
3028
3035
3031
3031
3032
3035
3044
3035
3037
3045
3040
3047
3039
3042
3040
3042
3048
3044
3045
3046
3047
3049
3047
3048
3049
3054
3058
3060
3061
3063
3064
3065
3066
3067
3068
3089
3091
3092
3055
3061
3062
3054
3058
3071
3072
3073
3088
3091
3093
3056
3070
3072
3088
3089
3091
3075
3076
3077
3081
3082
3085
3074
3077
3079
3080
3082
3083
3084
3087
3059
3095
3096
3097
3098
3067
3095
3096
3063
3064
3063
3064
3075
3064
3076
3078
3067
3068
3067
3068
3096
3070
3071
3073
3081
3073
3073
3085
3086
3078
3079
3080
3090
3078
3079
3092
3078
3080
3079
3080
3089
3094
3083
3086
3083
3087
3084
3086
3087
3090
3086
3087
3093
3088
3094
3090
3093
3090
3092
3094
3092
3093
3094
3094
3097
3097
3104
3105
3106
3102
3103
3105
3107
3109
3130
3102
3103
3106
3107
3108
3129
3127
3107
3108
3109
3178
3108
3109
3179
3107
3109
3107
3108
3180
3181
3133
3203
3204
3358
3386
3113
3117
3137
3139
3142
3148
3116
3117
3139
3154
3155
3158
3160
3202
3131
3137
3141
3142
3144
3145
3190
3220
3222
3277
3132
3144
3146
3221
3301
3131
3147
3149
3150
3120
3126
3153
3161
3162
3165
3167
3119
3120
3145
3199
3121
3155
3156
3157
3122
3146
3154
3156
3158
3159
3201
3122
3123
3148
3183
3162
3163
3164
3125
3161
3163
3165
3166
3184
3125
3126
3127
3150
3185
3126
3128
3168
3169
3174
3129
3168
3170
3171
3173
3186
3130
3151
3168
3171
3174
3129
3130
3130
3175
3176
3181
3175
3177
3178
3180
3175
3178
3181
3148
3149
3150
3182
3183
3185
3188
3238
3182
3184
3187
3250
3134
3136
3140
3360
3135
3141
3190
3203
3361
3136
3142
3190
3192
3205
3143
3197
3204
3138
3141
3149
3139
3140
3152
3143
3153
3141
3143
3142
3143
3199
3202
3145
3182
3222
3299
3146
3183
3220
3184
3223
3151
3152
3149
3150
3153
3152
3151
3153
3153
3158
3159
3160
3231
3158
3160
3162
3158
3159
3163
3159
3160
3232
3165
3236
3237
3165
3166
3167
3171
3165
3167
3165
3166
3166
3167
3172
3173
3174
3170
3171
3175
3170
3172
3176
3173
3177
3173
3174
3173
3174
3177
3178
3177
3179
3180
3180
3181
3180
3181
3183
3188
3239
3184
3185
3186
3186
3188
3187
3188
3253
3254
3207
3208
3209
3387
3203
3205
3213
3215
3217
3219
3288
3359
3388
3214
3215
3216
3328
3426
3196
3197
3198
3199
3213
3197
3198
3204
3206
3207
3211
3212
3392
3196
3198
3206
3208
3210
3212
3214
3393
3200
3225
3226
3227
3201
3218
3224
3226
3228
3229
3202
3224
3227
3228
3230
3205
3219
3396
3201
3202
3220
3232
3233
3234
3223
3231
3233
3235
3236
3231
3234
3235
3237
3205
3362
3414
3205
3413
3417
3210
3211
3212
3224
3211
3212
3420
3210
3212
3421
3210
3211
3225
3229
3230
3424
3217
3218
3219
3220
3218
3219
3429
3217
3219
3327
3425
3217
3218
3221
3326
3222
3324
3223
3431
3222
3223
3222
3223
3298
3296
3228
3229
3230
3229
3230
3228
3229
3233
3228
3230
3234
3235
3235
3236
3237
3236
3237
3235
3236
3235
3237
3239
3240
3249
3252
3254
3257
3258
3261
3277
3249
3250
3254
3299
3256
3258
3261
3242
3244
3245
3249
3257
3280
3247
3251
3263
3264
3267
3268
3281
3264
3265
3266
3282
3248
3259
3263
3265
3267
3269
3283
3247
3248
3252
3261
3271
3272
3273
3255
3270
3272
3274
3275
3262
3270
3273
3274
3276
3251
3252
3300
3251
3253
3301
3255
3302
3254
3255
3254
3255
3260
3262
3258
3259
3261
3306
3260
3307
3260
3262
3308
3309
3262
3267
3268
3269
3270
3267
3268
3311
3267
3269
3312
3268
3269
3271
3314
3275
3276
3274
3275
3276
3275
3276
3274
3275
3274
3276
3278
3279
3288
3296
3299
3300
3303
3306
3307
3284
3289
3296
3297
3300
3290
3303
3305
3307
3281
3283
3284
3300
3306
3286
3302
3310
3311
3314
3315
3311
3312
3313
3287
3308
3310
3312
3314
3316
3286
3287
3292
3303
3287
3293
3317
3318
3323
3294
3297
3317
3319
3320
3322
3295
3304
3317
3320
3323
3289
3290
3324
3327
3329
3331
3334
3335
3345
3397
3292
3324
3325
3329
3331
3333
3334
3349
3292
3329
3335
3400
3401
3403
3294
3295
3331
3295
3338
3339
3344
3325
3338
3340
3341
3343
3403
3332
3338
3341
3344
3401
3298
3299
3324
3298
3302
3325
3301
3326
3300
3301
3302
3302
3304
3306
3331
3305
3308
3332
3309
3333
3307
3308
3309
3309
3314
3315
3316
3320
3314
3315
3314
3316
3315
3316
3321
3322
3323
3319
3320
3338
3319
3321
3339
3322
3340
3322
3323
3322
3323
3326
3327
3326
3330
3328
3328
3329
3439
3330
3440
3330
3442
3403
3443
3332
3335
3333
3337
3336
3348
3335
3336
3347
3399
3337
3446
3337
3346
3447
3401
3448
3340
3341
3340
3342
3343
3343
3344
3453
3343
3344
3456
3458
3459
3347
3349
3350
3353
3359
3474
3347
3348
3351
3355
3349
3353
3354
3349
3352
3350
3352
3353
3352
3353
3356
3357
3355
3357
3399
3474
3475
3356
3447
3476
3357
3478
3474
3477
3360
3362
3364
3479
3361
3362
3363
3366
3480
3361
3365
3362
3363
3366
3482
3365
3366
3365
3366
3485
3487
3369
3370
3375
3428
3369
3370
3372
3427
3371
3389
3377
3430
3372
3373
3398
3488
3495
3374
3441
3496
3374
3444
3488
3489
3508
3445
3497
3510
3377
3378
3390
3380
3381
3382
3391
3379
3381
3383
3384
3394
3379
3382
3383
3385
3395
3383
3384
3385
3384
3385
3383
3384
3434
3383
3385
3435
3436
3412
3413
3414
3479
3419
3420
3421
3389
3397
3411
3414
3415
3417
3425
3428
3431
3480
3398
3425
3427
3428
3394
3395
3396
3411
3428
3433
3434
3435
3395
3396
3413
3418
3420
3423
3424
3394
3396
3418
3421
3422
3424
3429
3430
3432
3434
3436
3437
3416
3432
3435
3436
3438
3417
3431
3398
3399
3439
3442
3444
3446
3449
3451
3474
3488
3439
3441
3444
3446
3447
3449
3404
3406
3407
3442
3446
3404
3453
3454
3457
3459
3405
3454
3455
3456
3406
3453
3455
3457
3458
3410
3448
3460
3461
3464
3466
3461
3462
3463
3409
3443
3460
3462
3464
3465
3409
3410
3444
3451
3508
3468
3469
3470
3509
3445
3467
3469
3471
3472
3510
3452
3467
3470
3471
3473
3511
3415
3416
3417
3415
3416
3481
3416
3417
3415
3417
3482
3483
3422
3423
3424
3432
3422
3423
3433
3423
3424
3422
3424
3437
3438
3426
3431
3439
3427
3429
3440
3430
3441
3430
3431
3430
3431
3436
3437
3438
3437
3438
3436
3437
3436
3438
3440
3442
3441
3443
3445
3443
3444
3445
3445
3448
3451
3448
3450
3452
3450
3451
3475
3512
3452
3476
3513
3452
3514
3515
3457
3458
3459
3457
3459
3461
3457
3458
3462
3458
3459
3464
3464
3465
3466
3467
3464
3466
3464
3465
3465
3466
3468
3472
3473
3471
3472
3473
3472
3473
3471
3472
3518
3471
3473
3519
3520
3475
3477
3480
3476
3477
3478
3478
3481
3482
3485
3482
3483
3484
3487
3483
3486
3483
3487
3484
3486
3487
3486
3487
3489
3490
3495
3498
3512
3514
3494
3495
3497
3498
3499
3512
3501
3503
3505
3494
3497
3501
3502
3504
3506
3510
3494
3500
3502
3503
3504
3507
3511
3498
3508
3496
3497
3500
3514
3500
3513
3515
3502
3506
3503
3504
3507
3506
3507
3516
3506
3507
3517
3521
3522
3510
3511
3514
3517
3518
3519
3516
3518
3520
3521
3515
3516
3519
3520
3522
3513
3514
3515
3515
3520
3521
3522
3521
3522
3520
3521
3520
3522
)


// ************************************************************************* //
